1, 2, 3, 4, 5
-+-+-+-+-
(4, 1, 2, 3) : 58
(1, 4, 2, 3) : 30
(2, 1, 3, 5) : 2
(1, 4, 2) : 3
(2, 5) : 3
(4, 3, 1, 2) : 23
(1, 3, 2, 5) : 10
(5,) : 7
(3, 1, 4) : 1
(3, 2, 4, 1) : 10
(3, 1, 2) : 8
(3, 2) : 6
(4, 5) : 3
(1, 3, 4, 2) : 7
(3, 4, 1, 5) : 1
(1, 2, 4) : 11
(3, 2, 4) : 1
(4, 1, 3, 2) : 25
(4, 1, 3) : 5
(3, 1) : 5
(1, 4, 3, 2) : 16
(1, 3, 5) : 2
(2, 3, 4, 1) : 26
(2, 3, 4) : 5
(4, 3, 2, 1) : 59
(1, 2, 5, 3) : 1
(2, 1) : 28
(3, 4, 1) : 2
(4, 5, 2, 3) : 1
(3, 1, 4, 2) : 6
(1,) : 136
(1, 5) : 1
(3, 1, 2, 5) : 2
(2, 3, 1, 5) : 1
(4, 1) : 44
(4, 5, 2) : 1
(5, 4) : 1
(1, 3, 2, 4) : 129
(1, 2, 4, 3) : 28
(4, 2, 5) : 1
(2, 1, 3) : 13
(3, 5) : 1
(4, 2, 1, 3) : 83
(2, 1, 4, 5) : 1
(2,) : 58
(4, 2, 1, 5) : 1
(4, 2, 1) : 10
(5, 2, 4) : 1
(4, 2, 3, 5) : 9
(4, 5, 3, 1) : 2
(1, 2, 4, 5) : 2
(4, 2, 3) : 28
(1, 3) : 37
(3, 4, 1, 2) : 6
(2, 4, 5, 3) : 1
(3, 4, 5, 2) : 1
(1, 4, 3) : 2
(2, 4, 1, 3) : 39
(2, 1, 3, 4) : 76
(5, 2, 3, 1) : 1
(4, 3, 2, 5) : 2
(3,) : 18
(1, 2, 3, 5) : 16
(3, 2, 1) : 4
(1, 3, 5, 2) : 1
(1, 4) : 33
(1, 2, 3) : 62
(2, 3) : 8
(4, 3, 2) : 8
(4, 2) : 193
(4, 1, 2) : 8
(3, 1, 2, 4) : 23
(2, 3, 1, 4) : 25
(4,) : 324
() : 16
(1, 3, 4) : 5
(3, 4) : 3
(2, 4) : 48
(2, 1, 4, 3) : 19
(2, 3, 5) : 1
(1, 5, 2, 4) : 1
(1, 3, 2) : 71
(1, 2, 5) : 1
(1, 5, 2) : 1
(5, 2, 4, 1) : 1
(5, 1, 4) : 1
(2, 4, 1) : 5
(4, 2, 3, 1) : 171
(3, 4, 2) : 3
(2, 3, 1) : 10
(1, 2) : 71
(4, 3, 1) : 4
(2, 4, 3) : 6
(2, 5, 1, 3) : 2
(2, 4, 5) : 1
(2, 4, 3, 5) : 1
(2, 1, 4) : 4
(2, 4, 3, 1) : 38
(5, 2, 1, 3) : 1
(1, 2, 3, 4) : 200
(3, 4, 2, 1) : 11
(3, 1, 4, 5) : 1
(4, 3) : 27
(3, 2, 1, 5) : 1
(5, 2) : 1
(3, 2, 1, 4) : 12
