73, 389, 390, 391
-+-+-+-+-
(391, 390, 73) : 6
(389, 390) : 230
(390, 391, 73) : 11
(391, 389, 390) : 213
(391, 390, 389) : 223
(389, 73, 390) : 4
(389, 391, 390) : 620
(389, 390, 391) : 758
(390, 391) : 199
(390, 389, 73) : 13
(390, 391, 389) : 227
(391, 390) : 231
(73, 389, 390) : 5
(390, 389, 391) : 247
(389,) : 922
(391,) : 122
(73, 389) : 2
(391, 73) : 4
(389, 73) : 13
(390, 73) : 4
(389, 391, 73) : 4
(73,) : 15
(391, 389) : 80
(390, 73, 391) : 1
(73, 390, 389) : 1
(390, 389) : 64
(390, 73, 389) : 3
(389, 391) : 234
(389, 390, 73) : 21
() : 732
(391, 389, 73) : 2
(390,) : 120
(73, 391, 390) : 2
