378, 379, 380, 381, 79
-+-+-+-+-
(378,) : 244
(379, 381, 380) : 19
(379, 380, 378) : 76
(380,) : 1730
(381, 378, 379) : 37
(381, 380) : 15
(379, 79, 380) : 1
(380, 79) : 7
(379, 378, 380) : 94
(381, 380, 378) : 19
(381, 378) : 9
(381, 380, 379) : 9
(380, 378, 379) : 589
(380, 381, 378) : 106
(378, 381, 379) : 58
(381, 379, 380) : 8
(380, 381, 379) : 49
(379, 381) : 8
(378, 380, 79) : 3
(378, 79) : 4
(381, 379, 378) : 25
(379, 378) : 51
(379,) : 53
(380, 379, 378) : 460
(79, 379) : 1
(380, 381) : 49
(378, 379) : 92
(381,) : 42
(379, 378, 381) : 62
(378, 381, 380) : 24
(378, 380) : 182
(379, 378, 79) : 1
(378, 380, 379) : 199
(379, 381, 378) : 33
(378, 381, 79) : 1
(380, 378, 79) : 7
(380, 378) : 340
(381, 378, 380) : 19
(380, 381, 79) : 2
(378, 380, 381) : 89
(381, 379) : 6
(79,) : 18
(379, 380, 381) : 23
(378, 379, 380) : 215
(379, 79, 378) : 1
(378, 379, 381) : 147
(378, 381) : 16
(380, 379, 381) : 74
(380, 379, 79) : 2
(378, 379, 79) : 4
() : 726
(380, 379) : 126
(380, 378, 381) : 194
(381, 79) : 2
(379, 380) : 54
(381, 378, 79) : 1
