386, 387, 388, 74
-+-+-+-+-
(388, 74) : 6
(74, 388) : 2
(388, 387, 74) : 7
(387,) : 561
(388, 387, 386) : 478
(386, 74) : 2
(74,) : 17
(387, 388, 74) : 10
(387, 388, 386) : 568
(387, 386, 74) : 27
(74, 386, 388) : 1
(386, 388, 387) : 195
(387, 386, 388) : 556
(387, 74, 386) : 6
(386, 387, 74) : 10
(386, 388, 74) : 1
(74, 387, 386) : 4
(74, 386) : 1
(387, 386) : 217
(386, 387) : 54
(388, 386) : 211
(74, 387) : 4
(387, 388) : 124
(386, 74, 387) : 6
(388, 386, 74) : 14
(386,) : 70
(387, 74) : 8
(388,) : 214
(74, 386, 387) : 7
() : 678
(388, 74, 387) : 1
(388, 387) : 124
(387, 74, 388) : 1
(386, 387, 388) : 248
(388, 74, 386) : 1
(388, 386, 387) : 382
(386, 388) : 46
