384, 385, 77, 382, 383
-+-+-+-+-
(77, 384, 382) : 1
(384, 383, 385) : 54
(382, 384) : 20
(77, 382, 383) : 4
(383, 382, 384) : 22
(77, 382, 385) : 1
(77, 382, 384) : 3
(382, 383) : 21
(385, 382, 383) : 204
(384, 385, 383) : 109
(385, 384, 382) : 329
(382, 383, 384) : 67
(385, 382) : 76
(382, 385, 383) : 64
(77, 385) : 2
(382, 385) : 29
(383, 77, 384) : 1
(384, 385, 77) : 4
(385,) : 923
(384, 382, 383) : 196
(383, 384) : 7
(384, 382, 77) : 5
(385, 383, 384) : 113
(384, 77) : 2
(382, 383, 385) : 54
(383, 384, 382) : 29
(382, 384, 385) : 58
(385, 384, 77) : 3
(382, 383, 77) : 1
(384, 383, 77) : 2
(385, 383, 382) : 108
(382, 77) : 1
(385, 384, 383) : 180
(384, 385) : 216
(382, 384, 383) : 62
(382, 384, 77) : 3
(383, 385, 384) : 27
(385, 384) : 368
(77, 385, 382) : 1
(77, 385, 384) : 2
(384, 382, 385) : 145
(382,) : 68
(383,) : 15
(385, 382, 77) : 4
(384,) : 325
(385, 383, 77) : 1
(384, 382) : 61
(384, 77, 382) : 2
(77,) : 10
(77, 384) : 1
(385, 383) : 42
(384, 77, 383) : 1
(382, 385, 384) : 54
(382, 77, 385) : 1
(383, 382) : 6
(384, 383) : 34
(383, 384, 77) : 2
(383, 382, 385) : 23
(385, 382, 384) : 182
(383, 385, 382) : 15
(385, 77) : 11
() : 949
(382, 77, 384) : 2
(383, 384, 385) : 26
(383, 385, 77) : 2
(384, 383, 382) : 124
(382, 385, 77) : 3
(384, 385, 382) : 216
(383, 385) : 11
