75, 412, 413, 414
-+-+-+-+-
(413, 412) : 137
(75, 414) : 3
(412, 413) : 434
(414, 412, 75) : 12
(75, 413, 414) : 1
(413, 75) : 12
(75, 412, 413) : 9
(414, 412, 413) : 599
(413, 414, 412) : 522
(412, 414, 75) : 30
(75, 413, 412) : 8
(412, 414) : 358
(412, 75) : 48
(412,) : 2842
(412, 75, 414) : 7
(414,) : 613
(75, 413) : 3
(414, 75) : 26
(414, 412) : 180
(413, 75, 412) : 4
(412, 75, 413) : 36
(414, 413, 412) : 933
(75, 412, 414) : 1
(413, 414) : 292
(75, 412) : 3
(414, 413) : 352
(75,) : 50
(413, 412, 414) : 379
(75, 414, 412) : 2
(414, 413, 75) : 46
(413, 75, 414) : 1
(412, 413, 414) : 2725
(414, 75, 413) : 6
(413,) : 371
(413, 412, 75) : 17
() : 1129
(412, 414, 413) : 1717
(413, 414, 75) : 42
(75, 414, 413) : 5
(412, 413, 75) : 85
