76, 405, 406, 407, 408, 409, 410, 411
-+-+-+-+-
(411, 76, 406) : 1
(405,) : 992
(408, 411, 405) : 61
(407, 408, 410) : 58
(405, 409, 407) : 96
(410, 407, 406) : 18
(408, 410, 406) : 146
(406, 407, 410) : 9
(409, 408, 410) : 33
(409, 410, 76) : 4
(408, 407, 406) : 65
(407, 76, 409) : 1
(406, 76, 411) : 1
(408, 407, 410) : 156
(408, 409, 411) : 64
(408, 406) : 80
(407, 409, 76) : 9
(409, 410, 405) : 20
(406, 408, 405) : 41
(409, 407) : 40
(405, 408, 76) : 11
(409, 411, 407) : 34
(407, 405, 409) : 104
(405, 406, 76) : 3
(405, 76, 406) : 1
(411, 405, 410) : 8
(409, 410, 407) : 24
(407, 409, 405) : 126
(76, 410, 405) : 1
(409, 408, 407) : 41
(409, 411, 405) : 12
(410, 405, 408) : 173
(406, 76) : 4
(411, 406, 409) : 6
(411, 409, 410) : 11
(407, 405, 411) : 36
(411, 405, 408) : 17
(408, 409) : 101
(406, 408, 409) : 12
(76, 407, 405) : 1
(407, 406, 76) : 1
(407, 410, 411) : 47
(406, 405, 410) : 12
(405, 408, 409) : 265
(411, 406, 407) : 6
(407, 411, 405) : 23
(411, 409, 408) : 7
(409, 405, 411) : 16
(405, 410, 409) : 35
(410, 411, 406) : 13
(409, 406, 405) : 9
(407, 410, 409) : 29
(406, 405, 408) : 63
(407, 406, 410) : 13
(411, 406, 405) : 12
(411, 409, 406) : 9
(405, 410, 411) : 53
(409, 408, 406) : 17
(408, 411, 409) : 29
(407, 76) : 7
(411,) : 92
(410, 405, 409) : 51
(408, 409, 405) : 169
(411, 406) : 4
(406, 409) : 12
(406, 410, 408) : 236
(411, 408, 405) : 13
(410, 408, 407) : 137
(76,) : 51
(409, 408) : 29
(408, 409, 407) : 127
(410, 409, 408) : 24
(405, 410, 407) : 48
(407, 406, 408) : 22
(411, 408, 407) : 9
(411, 407, 406) : 7
(408, 411, 406) : 33
(407, 411) : 22
(410, 409, 406) : 12
(411, 405, 406) : 13
(405, 408, 410) : 380
(407, 405, 76) : 2
(410, 408) : 145
(406, 408, 410) : 39
(410, 406, 408) : 51
(406, 407) : 13
(406, 411, 405) : 7
(411, 405) : 3
(407,) : 559
(407, 405, 406) : 24
(408, 406, 410) : 120
(408, 410) : 442
(76, 408, 407) : 1
(408, 406, 76) : 3
(409, 411) : 10
(76, 406, 407) : 2
(405, 407, 410) : 47
(407, 411, 409) : 33
(408, 405, 407) : 594
(405, 406, 407) : 89
(405, 408, 406) : 176
(408,) : 1622
(408, 411, 407) : 32
(411, 410, 406) : 19
(409, 407, 406) : 22
(410, 408, 405) : 337
(406, 411, 409) : 4
(408, 410, 409) : 119
(405, 407, 408) : 223
(410, 407, 405) : 64
(405, 411) : 18
(406, 407, 411) : 9
(407, 408, 405) : 169
(409, 406, 411) : 10
(408, 410, 411) : 111
(405, 407, 406) : 42
(410, 411, 76) : 1
() : 2890
(410, 411, 408) : 27
(408, 407) : 167
(408, 76) : 21
(76, 411, 409) : 1
(409, 406) : 7
(410, 407, 409) : 28
(409, 410, 408) : 20
(406, 409, 407) : 11
(410,) : 417
(411, 410, 408) : 20
(409, 407, 405) : 60
(410, 407, 411) : 30
(406, 409, 405) : 10
(408, 407, 405) : 340
(410, 76, 408) : 3
(409, 407, 411) : 63
(409, 408, 76) : 2
(408, 405, 409) : 379
(409,) : 208
(410, 411, 409) : 16
(76, 407, 408) : 2
(406, 409, 411) : 3
(407, 410, 406) : 17
(405, 409, 408) : 76
(409, 405, 76) : 2
(405, 406, 410) : 44
(408, 405) : 906
(407, 410, 405) : 44
(407, 405, 408) : 152
(409, 411, 408) : 11
(408, 76, 406) : 1
(410, 408, 406) : 70
(405, 409, 410) : 53
(406, 408, 411) : 15
(408, 410, 76) : 9
(408, 410, 405) : 722
(409, 405, 406) : 12
(411, 76, 405) : 1
(76, 405, 407) : 2
(411, 410, 405) : 13
(405, 408) : 550
(407, 406) : 15
(409, 410) : 5
(410, 405, 411) : 28
(411, 410) : 10
(408, 407, 409) : 181
(408, 410, 407) : 218
(406, 407, 409) : 19
(411, 408, 409) : 12
(409, 408, 411) : 13
(407, 408, 76) : 2
(407, 408, 411) : 33
(405, 411, 408) : 41
(405, 409, 406) : 29
(408, 409, 410) : 104
(411, 405, 76) : 1
(407, 410) : 29
(76, 409, 405) : 1
(408, 407, 411) : 69
(410, 409) : 15
(405, 408, 411) : 120
(406, 407, 405) : 15
(408, 406, 405) : 125
(408, 405, 406) : 307
(409, 410, 406) : 8
(407, 409, 406) : 31
(76, 409, 407) : 3
(406, 411) : 6
(409, 411, 406) : 8
(408, 411) : 28
(411, 409) : 6
(411, 406, 408) : 11
(409, 407, 410) : 50
(405, 411, 406) : 18
(408, 406, 407) : 62
(411, 407, 409) : 24
(411, 406, 410) : 10
(410, 406) : 18
(408, 406, 409) : 51
(405, 411, 410) : 31
(408, 407, 76) : 7
(409, 407, 76) : 2
(406, 408, 76) : 2
(409, 405, 408) : 49
(405, 410, 408) : 163
(407, 409) : 75
(410, 411, 405) : 38
(408, 411, 410) : 55
(406, 410) : 5
(407, 410, 408) : 49
(406, 405, 411) : 9
(405, 406, 409) : 60
(411, 409, 407) : 18
(405, 407) : 80
(406, 410, 411) : 14
(407, 409, 408) : 86
(405, 410, 76) : 3
(406, 405, 409) : 20
(410, 405, 76) : 1
(407, 411, 406) : 10
(411, 409, 405) : 8
(409, 405) : 29
(410, 409, 405) : 27
(406, 410, 409) : 6
(407, 409, 411) : 108
(410, 405, 407) : 45
(406, 405, 407) : 35
(407, 405, 410) : 31
(410, 76, 406) : 1
(408, 409, 406) : 51
(410, 409, 411) : 30
(76, 409, 406) : 1
(405, 410, 406) : 40
(407, 406, 411) : 11
(406, 410, 407) : 9
(409, 408, 405) : 71
(411, 408, 406) : 15
(410, 406, 411) : 30
(76, 408) : 1
(405, 406) : 57
(406, 411, 407) : 8
(411, 405, 407) : 11
(407, 406, 409) : 20
(406, 410, 405) : 13
(410, 406, 409) : 16
(409, 411, 410) : 11
(406, 408, 407) : 19
(410, 409, 407) : 35
(411, 407) : 10
(408, 405, 411) : 168
(408, 406, 411) : 43
(411, 407, 408) : 14
(410, 407, 76) : 2
(407, 409, 410) : 119
(411, 408, 410) : 20
(410, 406, 407) : 14
(406, 410, 76) : 1
(405, 407, 411) : 41
(405, 76, 407) : 1
(405, 411, 409) : 19
(411, 407, 410) : 9
(409, 406, 408) : 13
(410, 406, 405) : 18
(405, 410) : 69
(406, 411, 408) : 8
(405, 406, 411) : 20
(408, 411, 76) : 2
(411, 407, 405) : 22
(406,) : 102
(405, 76, 408) : 1
(405, 408, 407) : 338
(409, 406, 410) : 5
(411, 410, 407) : 9
(406, 411, 410) : 3
(405, 407, 409) : 179
(407, 411, 410) : 19
(411, 76) : 3
(407, 411, 408) : 23
(407, 408, 406) : 36
(407, 411, 76) : 2
(407, 405) : 54
(405, 406, 408) : 141
(410, 407, 408) : 80
(409, 411, 76) : 1
(406, 405) : 26
(411, 406, 76) : 1
(408, 76, 409) : 1
(410, 405) : 73
(409, 405, 410) : 31
(406, 408) : 19
(411, 408) : 8
(409, 407, 408) : 48
(407, 406, 405) : 23
(410, 408, 411) : 43
(408, 409, 76) : 3
(411, 410, 409) : 22
(405, 407, 76) : 2
(409, 406, 407) : 14
(410, 408, 409) : 74
(409, 76) : 5
(405, 411, 407) : 31
(409, 410, 411) : 24
(407, 410, 76) : 3
(410, 408, 76) : 3
(406, 409, 410) : 13
(410, 411, 407) : 28
(407, 408) : 98
(410, 405, 406) : 41
(410, 76, 411) : 1
(405, 409) : 43
(408, 405, 76) : 19
(410, 411) : 16
(408, 76, 407) : 1
(406, 409, 408) : 11
(410, 407) : 46
(405, 76, 409) : 1
(405, 409, 411) : 63
(407, 408, 409) : 88
(409, 405, 407) : 45
(408, 76, 405) : 2
(408, 405, 410) : 640
(76, 410) : 2
(405, 409, 76) : 2
(405, 76) : 12
(410, 76) : 8
(406, 407, 408) : 19
(411, 405, 409) : 15
