393, 394, 395, 396, 397, 398, 399, 400, 401, 402, 87
-+-+-+-+-
(393, 402, 87) : 92
(399, 393, 400) : 143
(402, 393, 394) : 170
(395, 397, 402) : 14
(399, 397, 87) : 22
(393, 399, 398) : 173
(396, 393, 398) : 3
(393, 397, 400) : 1392
(401, 400, 398) : 8
(393, 400, 395) : 66
(399, 395, 397) : 71
(398, 401, 397) : 1
(400, 401, 397) : 37
(399, 396, 401) : 18
(401, 395, 398) : 2
(400, 397, 396) : 10
(398, 402) : 4
(394, 397, 398) : 7
(396, 399, 397) : 34
(397, 395, 394) : 21
(396, 402, 394) : 9
(398, 394, 402) : 5
(399, 400, 398) : 27
(395, 394, 397) : 7
(87, 397, 402) : 1
(395, 400, 396) : 3
(395, 397) : 20
(393, 87, 401) : 5
(400, 395) : 7
(396, 398) : 7
(401, 394) : 7
(400, 394, 393) : 52
(397, 402, 395) : 139
(395, 393, 401) : 2
(87, 393, 402) : 2
(394, 400, 397) : 62
(402, 401, 394) : 36
(398, 400) : 2
(395, 394, 402) : 4
(399, 401, 396) : 7
(399, 87) : 37
(394, 395, 399) : 12
(394, 401, 400) : 27
(400, 399, 398) : 5
(87, 399, 398) : 1
(398, 393, 397) : 15
(400, 402) : 63
(402, 87, 401) : 4
(399, 398, 397) : 23
(87, 397, 394) : 2
(393, 398, 400) : 48
(399, 402, 396) : 86
(397, 87, 399) : 8
(401, 399, 396) : 10
(395, 401, 402) : 4
(394, 396, 395) : 5
(400, 393, 401) : 60
(402, 399) : 484
(397, 396, 394) : 26
(394, 393, 401) : 36
(400, 394, 87) : 5
(399, 394, 398) : 37
(400, 87) : 8
(397, 395, 401) : 10
(399, 401, 394) : 21
(395, 402, 397) : 10
(401, 394, 398) : 13
(393, 401, 397) : 115
(395, 398, 396) : 30
(401, 396, 402) : 10
(397, 402, 87) : 69
(399,) : 1457
(87, 402, 397) : 2
(396, 394, 397) : 3
(394, 401, 402) : 42
(395, 397, 394) : 12
(393, 400, 87) : 25
(398, 402, 396) : 5
(395, 394, 393) : 7
(400, 402, 397) : 141
(393, 395, 396) : 50
(87, 401, 393) : 1
(399, 397, 393) : 663
(394, 402, 400) : 43
(87, 395, 399) : 1
(397, 394, 396) : 19
(393, 396, 401) : 25
(402, 395, 393) : 23
(397, 399, 402) : 2022
(399, 394, 396) : 20
(400, 393, 398) : 18
(399, 394, 402) : 36
(402, 397, 401) : 261
(397, 399, 400) : 272
(393, 394, 397) : 393
(402, 395, 401) : 8
(393, 397) : 1832
(395, 401) : 3
(394, 400, 395) : 7
(396, 400, 398) : 4
(393, 394, 402) : 261
(396, 397, 401) : 4
(401, 402, 398) : 6
(393, 402, 395) : 144
(402, 398, 397) : 32
(401, 398, 397) : 3
(394, 399, 397) : 23
(401,) : 159
(396, 394, 395) : 5
(399, 402, 397) : 2378
(399, 397, 401) : 36
(396, 402, 397) : 239
(398, 394, 393) : 10
(398, 397, 399) : 4
(398, 402, 87) : 1
(402, 393, 395) : 50
(395, 397, 401) : 4
(395, 398, 393) : 2
(398, 393) : 14
(400, 401, 87) : 1
(393, 399, 397) : 1464
(400, 87, 394) : 1
(396, 393, 399) : 7
(397, 396) : 48
(401, 400, 399) : 9
(402, 394, 399) : 50
(399, 395, 396) : 91
(400, 401, 398) : 9
(393, 398, 87) : 5
(401, 395, 397) : 2
(396, 401, 402) : 6
(394, 397, 399) : 18
(394, 395, 400) : 5
(393, 398, 401) : 46
(396, 398, 395) : 8
(400, 402, 87) : 7
(87, 399, 393) : 1
(399, 401) : 18
(398, 394, 401) : 9
(400, 398, 401) : 9
(402, 399, 395) : 94
(399, 398, 394) : 41
(395, 400, 397) : 5
(401, 396, 394) : 4
(393, 87, 400) : 8
(87,) : 150
(401, 399, 395) : 2
(397, 402, 399) : 4329
(402, 398, 399) : 26
(394, 396, 402) : 3
(397, 400, 87) : 11
(400, 395, 401) : 2
(399, 396, 395) : 51
(401, 402, 87) : 2
(395, 393, 400) : 4
(393, 397, 395) : 211
(395, 397, 87) : 1
(396, 395, 397) : 1
(398, 397, 402) : 23
(395, 402, 394) : 7
(401, 393, 398) : 8
(402, 401, 395) : 5
(396, 397, 393) : 24
(401, 393, 400) : 26
(402, 393, 400) : 290
(399, 393, 401) : 52
(87, 399, 401) : 2
(397, 400, 393) : 299
(399, 395, 393) : 108
(397, 393, 399) : 904
(395, 399) : 37
(401, 396, 397) : 2
(400, 397) : 60
(394, 401, 395) : 6
(396, 393, 400) : 3
(402, 397, 393) : 2857
(397, 87, 398) : 1
(395, 393, 399) : 14
(87, 400) : 2
(394, 398, 395) : 6
(400, 399, 87) : 4
(400, 396, 395) : 1
(396, 398, 402) : 8
(397, 401, 400) : 56
(87, 401, 400) : 1
(397, 396, 395) : 18
(394, 393, 398) : 16
(396, 401, 395) : 2
(394, 402, 399) : 26
(397, 395, 400) : 16
(399, 401, 393) : 18
(401, 394, 399) : 16
(393, 401, 396) : 42
(395, 398, 397) : 9
(400, 396, 401) : 5
(401, 399, 402) : 13
(399, 396, 400) : 16
(87, 402, 394) : 1
(402, 401, 87) : 3
(401, 394, 87) : 1
(393, 399, 400) : 428
(395, 397, 393) : 10
(399, 87, 398) : 1
(398, 402, 395) : 5
(401, 394, 400) : 22
(400, 402, 396) : 7
(400, 87, 402) : 1
(87, 396, 399) : 2
(398, 402, 399) : 5
(393, 394) : 223
(396, 399, 395) : 12
(393, 396, 398) : 37
(402, 395, 394) : 10
(396,) : 78
(400, 393, 399) : 32
(397, 395, 87) : 1
(393, 396, 87) : 2
(394, 398, 402) : 6
(400, 398, 393) : 5
(400, 396, 402) : 5
(399, 398, 402) : 26
(397, 401, 395) : 5
(397, 396, 400) : 22
(395, 399, 397) : 23
(402, 399, 87) : 30
(402, 396, 399) : 53
(402, 398, 395) : 16
(393, 402, 396) : 141
(398, 400, 402) : 7
(396, 402, 87) : 1
(402, 399, 398) : 87
(395, 399, 398) : 13
(394, 399, 398) : 8
(395, 398, 402) : 8
(400, 395, 393) : 6
(399, 397, 400) : 137
(399, 396, 393) : 25
(401, 399, 398) : 3
(394, 399, 87) : 1
(398, 397, 396) : 5
(397, 401) : 47
(393, 87, 399) : 9
(395, 397, 400) : 11
(399, 397, 396) : 47
(400, 401) : 24
(395, 401, 400) : 3
(393, 395, 402) : 59
(398, 396, 401) : 3
(393, 394, 395) : 165
(393, 397, 402) : 4931
(401, 400, 396) : 6
(402, 394, 398) : 24
(394, 402) : 30
(396, 399, 400) : 11
(400, 401, 399) : 15
(401, 395, 396) : 1
(400, 397, 398) : 10
(398, 400, 399) : 4
(396, 87) : 5
(397, 400, 401) : 105
(394, 397, 396) : 7
(394, 395, 401) : 5
(398, 393, 401) : 4
(398, 394, 400) : 1
(402, 399, 396) : 120
(399, 398, 395) : 56
(395, 400, 398) : 4
(398, 87, 393) : 1
(395, 396, 397) : 13
(398, 399) : 22
(400, 394, 395) : 8
(401, 397, 393) : 28
(397, 394) : 91
(399, 396, 394) : 26
(397, 400, 398) : 30
(393, 397, 394) : 640
(396, 395, 394) : 7
(393, 400, 401) : 260
(402, 401, 399) : 34
(395, 394, 400) : 6
(402, 393, 401) : 141
(402, 400, 393) : 168
(400, 399, 396) : 7
(397, 398, 399) : 57
(397, 393, 398) : 90
(87, 393, 394) : 3
(393, 398, 402) : 72
(396, 393, 401) : 9
(402, 397, 398) : 152
(395, 393, 398) : 5
(399, 87, 393) : 3
(402, 397) : 2253
(394, 396, 397) : 3
(400, 396, 394) : 9
(397, 398, 87) : 2
(396, 397, 394) : 13
(394, 393, 399) : 27
(394, 402, 398) : 7
(395, 87, 393) : 1
(398, 400, 394) : 4
(397, 400, 396) : 32
(397, 398, 400) : 21
(401, 398, 395) : 1
(393, 401, 399) : 63
(399, 400, 401) : 47
(395, 398, 394) : 17
(397, 393, 396) : 90
(398, 393, 402) : 13
(401, 396, 400) : 1
(402, 400) : 94
(398, 395, 399) : 15
(402, 395, 400) : 14
(400, 399) : 22
(400, 394, 402) : 47
(396, 394, 399) : 5
(396, 394) : 4
(395, 401, 399) : 2
(393, 398, 394) : 48
(398, 402, 397) : 13
(87, 402) : 8
(397, 396, 402) : 274
(395, 393) : 13
(398, 402, 394) : 9
(402, 398, 396) : 11
(395, 402, 393) : 15
(400, 402, 399) : 43
(393, 395, 394) : 57
(87, 401, 399) : 1
(400, 402, 394) : 34
(399, 402, 87) : 25
(87, 396, 400) : 1
(398, 399, 393) : 12
(401, 393, 399) : 10
(397, 394, 398) : 36
(393, 396, 399) : 58
(398, 394, 399) : 12
(398, 395, 87) : 1
(397, 393, 401) : 190
(397, 393, 395) : 115
(397, 401, 399) : 47
(396, 401, 400) : 3
(399, 393, 87) : 30
(396, 402) : 27
(399, 87, 400) : 1
(394, 398, 401) : 19
(400, 398, 87) : 1
(398, 395, 401) : 5
(393, 399, 395) : 307
(397, 401, 394) : 49
(393, 396) : 40
(397, 396, 401) : 15
(402, 396, 398) : 12
(402, 395) : 14
(393, 402, 397) : 3404
(396, 87, 398) : 1
(401, 398, 399) : 5
(397, 396, 393) : 25
(401, 397, 400) : 13
(400, 395, 398) : 2
(396, 402, 395) : 1
(399, 394, 397) : 28
(393,) : 8578
(395, 399, 87) : 2
(401, 87, 402) : 1
(402, 401, 400) : 69
(395, 393, 397) : 18
(401, 393, 395) : 6
(402, 399, 393) : 840
(393, 87, 398) : 4
(394, 401, 87) : 4
(402, 396, 401) : 40
(401, 398) : 5
(399, 400, 397) : 65
(393, 395, 401) : 18
(398, 396, 400) : 4
(393, 394, 396) : 46
(397, 402, 398) : 185
(399, 395) : 71
(398, 397, 393) : 17
(402, 394, 397) : 99
(393, 400, 398) : 54
(396, 399, 401) : 8
(402,) : 1919
(396, 402, 399) : 33
(400, 397, 399) : 44
(393, 395, 87) : 4
(398, 394) : 8
(394, 395, 402) : 7
(397, 396, 87) : 3
(396, 398, 397) : 3
(396, 401, 394) : 2
(399, 395, 398) : 97
(398, 401, 399) : 5
(398, 395, 394) : 19
(87, 397, 399) : 9
(395, 400, 399) : 8
(393, 87, 402) : 8
(395, 396, 398) : 18
(396, 400) : 7
(402, 395, 399) : 23
(395, 399, 401) : 10
(401, 402) : 17
(395, 87, 399) : 1
(394, 400) : 27
(401, 402, 400) : 20
(401, 394, 393) : 10
() : 2661
(400,) : 465
(401, 393, 402) : 35
(399, 400) : 46
(398, 395, 400) : 3
(400, 399, 397) : 27
(87, 402, 400) : 2
(398, 397, 395) : 7
(398, 399, 400) : 11
(402, 400, 401) : 78
(396, 400, 397) : 5
(394, 401, 393) : 21
(398, 396, 395) : 11
(399, 402, 395) : 174
(398, 397) : 14
(399, 395, 400) : 37
(397, 393, 87) : 65
(399, 395, 87) : 7
(394, 398, 393) : 2
(400, 396, 393) : 5
(394, 87, 401) : 1
(394, 399, 400) : 28
(397, 401, 402) : 87
(396, 397, 395) : 2
(394, 393, 396) : 10
(396, 397, 402) : 679
(395, 394) : 8
(394, 402, 397) : 53
(397, 395, 399) : 53
(398, 400, 397) : 3
(396, 397) : 41
(397, 398, 401) : 15
(402, 395, 396) : 7
(393, 401, 398) : 46
(399, 400, 402) : 115
(398, 399, 395) : 14
(401, 399, 400) : 10
(399, 396, 402) : 53
(87, 397) : 8
(394, 397, 87) : 4
(396, 394, 398) : 6
(87, 393, 401) : 3
(393, 399, 402) : 1696
(396, 400, 395) : 1
(397, 399) : 484
(395, 397, 399) : 26
(401, 402, 393) : 30
(402, 396, 393) : 25
(399, 401, 400) : 24
(401, 393, 87) : 1
(402, 399, 397) : 3320
(401, 394, 402) : 19
(400, 402, 398) : 8
(396, 402, 398) : 8
(87, 396, 401) : 1
(394, 397, 402) : 68
(400, 399, 402) : 31
(397, 394, 399) : 78
(87, 398, 395) : 1
(402, 87, 397) : 6
(396, 395, 399) : 10
(402, 393, 398) : 73
(402, 398) : 23
(399, 402, 400) : 206
(402, 400, 87) : 3
(394, 398, 400) : 10
(400, 398, 395) : 5
(401, 396) : 5
(398, 394, 396) : 6
(399, 398, 400) : 23
(393, 399, 394) : 238
(396, 87, 393) : 1
(401, 400, 394) : 25
(393, 402, 398) : 145
(402, 398, 394) : 21
(395, 399, 393) : 27
(400, 401, 393) : 19
(395, 398, 400) : 1
(400, 395, 399) : 4
(399, 401, 398) : 21
(400, 393, 402) : 161
(401, 399, 393) : 6
(394, 400, 402) : 49
(87, 395, 400) : 1
(397, 399, 396) : 87
(395, 402, 400) : 10
(397,) : 3927
(398, 397, 394) : 11
(401, 393, 394) : 11
(399, 396) : 27
(397, 87) : 74
(393, 87, 397) : 26
(401, 402, 395) : 5
(402, 396, 400) : 22
(399, 394, 393) : 49
(397, 395, 393) : 44
(393, 395, 400) : 49
(396, 393, 394) : 4
(401, 398, 400) : 6
(402, 393) : 692
(397, 399, 398) : 70
(393, 397, 396) : 134
(402, 394, 396) : 15
(393, 400, 399) : 211
(397, 394, 400) : 131
(394, 400, 87) : 2
(402, 87) : 39
(402, 401, 398) : 17
(87, 398, 397) : 1
(393, 398) : 36
(401, 395, 394) : 3
(394, 87, 393) : 1
(394, 397) : 52
(402, 400, 398) : 34
(397, 395, 398) : 28
(87, 399, 394) : 1
(397, 398, 393) : 22
(393, 400) : 288
(400, 398, 402) : 7
(399, 400, 394) : 66
(399, 398, 393) : 30
(87, 397, 398) : 1
(394, 401, 398) : 18
(401, 396, 393) : 2
(402, 393, 87) : 43
(401, 396, 395) : 3
(395, 396, 399) : 19
(395, 399, 400) : 11
(400, 394, 397) : 50
(398, 400, 395) : 1
(396, 401, 398) : 2
(396, 402, 393) : 14
(398, 402, 401) : 2
(395, 396, 87) : 3
(395, 398) : 8
(400, 399, 394) : 22
(393, 402, 394) : 382
(397, 402, 396) : 542
(398, 399, 401) : 7
(393, 398, 396) : 44
(398, 396, 394) : 10
(402, 397, 396) : 468
(395, 393, 396) : 4
(399, 87, 395) : 3
(401, 400) : 14
(394, 396, 399) : 3
(399, 395, 402) : 95
(394, 87, 402) : 1
(394, 399, 401) : 26
(400, 402, 393) : 107
(400, 397, 401) : 47
(397, 396, 398) : 21
(394, 393, 397) : 131
(87, 396, 394) : 1
(401, 400, 402) : 19
(394, 402, 396) : 3
(398, 393, 396) : 1
(398, 400, 396) : 6
(393, 87) : 160
(397, 398, 402) : 66
(402, 395, 397) : 24
(402, 401, 393) : 56
(401, 397, 395) : 3
(399, 402) : 575
(396, 400, 394) : 4
(400, 393, 394) : 58
(395, 396, 394) : 3
(396, 399, 394) : 8
(395, 396, 400) : 3
(87, 402, 393) : 3
(396, 394, 393) : 2
(87, 393, 400) : 1
(394, 400, 399) : 18
(397, 401, 396) : 8
(395, 394, 401) : 5
(395, 397, 398) : 10
(399, 398, 87) : 3
(401, 402, 394) : 16
(394, 398, 397) : 4
(393, 399, 396) : 127
(394, 399, 393) : 18
(400, 87, 401) : 1
(395, 396) : 13
(400, 396) : 2
(87, 396, 402) : 1
(396, 399) : 7
(400, 394, 398) : 14
(401, 393) : 19
(399, 395, 401) : 17
(393, 396, 397) : 61
(398, 394, 397) : 5
(398, 399, 394) : 14
(401, 395, 402) : 3
(402, 393, 399) : 691
(402, 400, 394) : 93
(87, 399) : 2
(399, 87, 402) : 3
(400, 394) : 36
(400, 398, 394) : 8
(399, 400, 396) : 23
(399, 398, 401) : 20
(399, 393, 398) : 73
(401, 400, 395) : 2
(402, 394, 395) : 15
(393, 402, 399) : 1522
(402, 398, 393) : 33
(401, 398, 393) : 2
(395, 394, 399) : 13
(400, 401, 394) : 47
(401, 397, 402) : 24
(400, 395, 396) : 4
(394, 397, 395) : 8
(87, 393) : 9
(397, 399, 395) : 127
(395, 402, 401) : 4
(87, 398, 400) : 1
(402, 396) : 40
(395, 394, 398) : 16
(395, 400, 393) : 2
(401, 396, 398) : 2
(393, 87, 396) : 2
(397, 400, 395) : 21
(393, 395) : 57
(398, 393, 395) : 8
(398, 396, 402) : 3
(393, 394, 398) : 62
(398, 400, 393) : 3
(398, 399, 87) : 1
(393, 397, 399) : 1762
(393, 400, 396) : 41
(397, 394, 401) : 71
(396, 393, 402) : 8
(400, 402, 401) : 43
(401, 395, 393) : 2
(400, 397, 393) : 190
(402, 397, 399) : 4674
(394,) : 429
(394, 395, 396) : 5
(396, 397, 87) : 3
(396, 398, 399) : 9
(394, 402, 87) : 1
(87, 399, 397) : 3
(397, 398, 394) : 25
(395, 401, 393) : 2
(399, 398) : 27
(399, 400, 395) : 35
(398, 395, 396) : 15
(394, 401, 399) : 16
(398, 396, 397) : 4
(396, 399, 398) : 3
(395, 398, 399) : 20
(394, 398, 399) : 15
(397, 399, 394) : 126
(401, 398, 402) : 2
(400, 394, 396) : 5
(396, 400, 402) : 5
(400, 393, 87) : 6
(397, 402) : 2003
(394, 393, 402) : 81
(399, 393, 394) : 102
(394, 400, 396) : 8
(394, 402, 395) : 7
(398, 402, 400) : 6
(395, 402, 398) : 3
(401, 394, 395) : 1
(395, 400) : 2
(402, 399, 400) : 248
(396, 399, 402) : 28
(394, 395) : 11
(400, 399, 395) : 11
(399, 394, 400) : 44
(87, 393, 399) : 3
(402, 399, 394) : 144
(393, 398, 397) : 42
(401, 397, 399) : 10
(399, 402, 393) : 976
(397, 87, 394) : 3
(402, 400, 397) : 320
(394, 396, 398) : 5
(400, 396, 399) : 5
(395, 399, 396) : 23
(394, 399, 402) : 21
(393, 395, 399) : 101
(400, 397, 402) : 146
(397, 396, 399) : 58
(398, 401, 402) : 2
(396, 401, 397) : 4
(399, 402, 401) : 87
(402, 398, 401) : 24
(393, 396, 402) : 86
(398, 395, 393) : 6
(402, 395, 398) : 9
(393, 401, 400) : 104
(401, 397, 394) : 16
(402, 394, 87) : 2
(400, 393, 395) : 11
(401, 87, 399) : 2
(396, 402, 401) : 7
(399, 397, 398) : 51
(397, 394, 402) : 126
(400, 398, 397) : 2
(397, 394, 87) : 3
(395, 401, 396) : 2
(396, 400, 393) : 3
(395, 400, 401) : 2
(397, 87, 402) : 4
(399, 400, 87) : 2
(402, 396, 395) : 7
(402, 397, 87) : 76
(401, 87) : 7
(401, 87, 398) : 1
(397, 402, 400) : 1196
(401, 399, 394) : 7
(394, 397, 400) : 46
(396, 394, 401) : 1
(393, 399) : 1057
(397, 394, 393) : 131
(393, 396, 394) : 25
(87, 398, 393) : 1
(402, 87, 399) : 3
(402, 393, 396) : 52
(399, 401, 397) : 15
(393, 87, 395) : 2
(397, 393, 400) : 639
(398, 401) : 10
(401, 395) : 4
(400, 87, 399) : 1
(399, 393, 397) : 818
(401, 400, 87) : 3
(393, 402, 400) : 724
(396, 87, 397) : 1
(401, 398, 394) : 1
(393, 399, 87) : 72
(400, 401, 395) : 17
(87, 398, 396) : 1
(87, 394) : 1
(400, 395, 397) : 2
(396, 393) : 12
(401, 399) : 10
(394, 393, 87) : 2
(394, 87) : 9
(394, 398, 396) : 7
(399, 396, 397) : 51
(397, 399, 393) : 609
(395, 399, 394) : 15
(398, 401, 394) : 7
(401, 393, 396) : 2
(397, 400, 399) : 157
(395, 400, 394) : 7
(401, 396, 399) : 4
(401, 397, 398) : 6
(394, 396, 401) : 4
(397, 398, 395) : 39
(394, 399) : 20
(400, 395, 402) : 5
(393, 394, 399) : 123
(397, 402, 393) : 2492
(393, 397, 398) : 166
(402, 396, 87) : 1
(396, 395, 398) : 6
(393, 400, 397) : 594
(396, 395, 400) : 1
(402, 401, 396) : 12
(400, 397, 394) : 57
(394, 395, 397) : 10
(402, 395, 87) : 1
(397, 395, 396) : 24
(398,) : 115
(402, 394) : 39
(398, 395, 397) : 7
(394, 401, 396) : 2
(399, 402, 398) : 110
(398, 393, 399) : 9
(395, 396, 393) : 7
(402, 394, 401) : 35
(394, 396, 393) : 4
(395, 398, 401) : 7
(400, 394, 399) : 13
(87, 400, 393) : 2
(396, 400, 401) : 4
(398, 87) : 4
(402, 397, 394) : 326
(397, 400, 394) : 127
(394, 402, 401) : 25
(398, 393, 394) : 9
(396, 394, 400) : 3
(401, 394, 396) : 4
(399, 393) : 533
(393, 401, 395) : 35
(402, 399, 401) : 110
(401, 402, 399) : 14
(393, 398, 395) : 55
(397, 393, 394) : 304
(393, 401, 87) : 12
(397, 400) : 184
(397, 87, 393) : 13
(395, 393, 394) : 13
(399, 87, 397) : 8
(402, 400, 396) : 28
(400, 396, 398) : 2
(393, 402) : 1219
(400, 402, 395) : 12
(393, 395, 398) : 73
(87, 401, 395) : 1
(395, 399, 402) : 26
(396, 397, 398) : 6
(394, 393, 395) : 19
(399, 397, 395) : 98
(398, 399, 397) : 10
(395, 402) : 15
(402, 398, 400) : 19
(402, 398, 87) : 1
(394, 393) : 76
(394, 395, 393) : 6
(398, 399, 396) : 10
(400, 393, 396) : 11
(398, 402, 393) : 9
(393, 394, 87) : 11
(395, 396, 402) : 6
(396, 402, 400) : 4
(396, 395, 393) : 1
(399, 393, 402) : 917
(400, 398, 396) : 7
(398, 397, 400) : 5
(398, 396, 393) : 1
(394, 400, 393) : 48
(397, 401, 398) : 16
(395, 400, 402) : 1
(87, 397, 393) : 12
(393, 394, 400) : 221
(395, 397, 396) : 4
(397, 87, 401) : 1
(401, 402, 396) : 4
(402, 396, 394) : 11
(402, 397, 400) : 810
(398, 400, 401) : 3
(396, 401, 399) : 3
(397, 87, 396) : 1
(401, 393, 397) : 29
(394, 399, 395) : 8
(400, 395, 394) : 4
(397, 402, 401) : 238
(394, 397, 401) : 21
(398, 396) : 2
(400, 399, 401) : 15
(393, 396, 395) : 31
(398, 394, 395) : 14
(395, 398, 87) : 1
(397, 393) : 1268
(401, 395, 400) : 3
(402, 393, 397) : 1791
(393, 87, 394) : 10
(395, 401, 398) : 2
(398, 399, 402) : 13
(402, 87, 395) : 1
(400, 393) : 108
(396, 398, 401) : 5
(394, 400, 401) : 64
(396, 393, 397) : 17
(399, 393, 396) : 56
(393, 397, 401) : 424
(401, 400, 393) : 11
(402, 394, 393) : 62
(393, 402, 401) : 280
(393, 400, 394) : 226
(399, 396, 87) : 3
(400, 401, 396) : 7
(395, 402, 399) : 6
(401, 395, 399) : 2
(400, 398) : 8
(399, 402, 394) : 138
(397, 400, 402) : 525
(394, 397, 393) : 99
(396, 398, 393) : 3
(399, 396, 398) : 34
(397, 393, 402) : 2431
(398, 401, 395) : 4
(396, 394, 402) : 7
(395, 394, 396) : 7
(397, 401, 393) : 66
(397, 401, 87) : 4
(396, 401) : 3
(401, 396, 87) : 1
(396, 399, 393) : 9
(399, 401, 87) : 1
(394, 396, 400) : 5
(393, 394, 401) : 125
(397, 402, 394) : 397
(395, 393, 402) : 34
(402, 401) : 38
(398, 393, 400) : 6
(393, 400, 402) : 595
(399, 395, 394) : 60
(397, 395) : 33
(396, 395) : 10
(402, 401, 397) : 56
(401, 397) : 17
(400, 397, 395) : 13
(399, 394, 395) : 47
(394, 395, 398) : 18
(396, 393, 395) : 4
(397, 398, 396) : 8
(395, 393, 87) : 2
(399, 398, 396) : 34
(394, 401, 397) : 13
(398, 396, 399) : 2
(402, 397, 395) : 78
(401, 399, 397) : 7
(402, 394, 400) : 62
(402, 400, 395) : 20
(396, 398, 394) : 4
(398, 401, 393) : 1
(87, 400, 394) : 1
(397, 399, 87) : 15
(87, 401, 402) : 1
(399, 397) : 404
(394, 393, 400) : 89
(396, 401, 393) : 3
(394, 402, 393) : 46
(397, 395, 402) : 46
(396, 87, 402) : 2
(395, 402, 396) : 3
(401, 394, 397) : 9
(393, 401, 394) : 87
(398, 401, 400) : 3
(401, 397, 396) : 2
(395,) : 159
(401, 400, 397) : 15
(393, 399, 401) : 125
(400, 399, 393) : 37
(395, 401, 397) : 1
(87, 402, 396) : 2
(400, 394, 401) : 52
(399, 394, 401) : 36
(87, 393, 397) : 11
(399, 400, 393) : 67
(393, 398, 399) : 83
(394, 396) : 2
(399, 401, 395) : 9
(402, 400, 399) : 92
(394, 398) : 1
(400, 396, 397) : 5
(393, 401) : 83
(394, 400, 398) : 11
(396, 393, 87) : 1
(393, 395, 397) : 93
(87, 401, 394) : 1
(396, 397, 399) : 42
(399, 397, 394) : 85
(398, 401, 396) : 4
(399, 393, 395) : 143
(400, 401, 402) : 33
(393, 396, 400) : 39
(393, 401, 402) : 168
(393, 397, 87) : 109
(402, 87, 393) : 7
(400, 393, 397) : 203
(399, 394) : 28
(396, 398, 400) : 2
(398, 395, 402) : 3
(397, 399, 401) : 73
(400, 397, 87) : 8
(398, 397, 401) : 5
(395, 401, 394) : 4
(396, 400, 399) : 2
(398, 395) : 16
(394, 401) : 27
(396, 397, 400) : 13
(397, 87, 400) : 8
(401, 402, 397) : 16
(402, 396, 397) : 200
(395, 87) : 6
(397, 398) : 29
(399, 401, 402) : 29
(401, 398, 396) : 4
(394, 399, 396) : 8
(399, 397, 402) : 1447
(397, 394, 395) : 23
