40, 120, 121, 122, 123, 124, 125
-+-+-+-+-
(40, 121, 122) : 6
(124, 123, 120) : 283
(120, 125, 121) : 979
(124,) : 16622
(123, 125, 121) : 435
(121, 125, 124) : 782
(125, 122, 123) : 523
(121, 120, 124) : 1658
(40, 121, 124) : 9
(121, 123, 124) : 930
(125, 124, 40) : 30
(40, 124, 123) : 4
(120, 125, 123) : 515
(124, 40, 125) : 4
(122, 40, 120) : 1
(40, 122, 120) : 1
(125, 124, 122) : 2715
(123, 122, 121) : 1017
(121, 123, 122) : 946
(121, 120, 40) : 24
(124, 121, 125) : 2133
(121, 122, 120) : 1922
(122, 123) : 587
(121, 125, 120) : 777
(123, 124, 40) : 13
(125, 124, 120) : 843
(123, 122, 120) : 681
(121, 123, 120) : 1178
(121, 125, 122) : 800
(122, 124, 125) : 4532
(40, 123, 121) : 4
(120, 123, 121) : 1618
(40, 123) : 3
(40, 124, 125) : 2
(121, 122, 124) : 2836
(125, 121, 124) : 867
(122, 121, 123) : 1048
(122, 124, 120) : 1421
(125,) : 7520
(124, 121, 123) : 590
(122, 124) : 1645
(120, 123, 125) : 997
(121, 125, 40) : 11
(125, 40, 124) : 2
(124, 122) : 1680
(124, 40) : 62
(125, 121, 120) : 832
(123, 124, 125) : 730
(122, 123, 124) : 924
(40, 120) : 5
(125, 40, 122) : 3
(124, 121) : 1190
(120, 123) : 641
(125, 121, 122) : 926
(120, 121, 122) : 8542
(40, 125, 124) : 13
(125, 40, 120) : 1
(40, 122, 124) : 5
(124, 122, 125) : 2753
(125, 122) : 491
(123, 124, 121) : 414
(121, 124, 122) : 2952
(120, 40, 124) : 4
(125, 123, 122) : 421
(122, 120) : 1409
(120, 124, 122) : 1560
(121, 124, 120) : 1345
(125, 121, 40) : 13
(40, 125, 120) : 1
(125, 123, 120) : 468
(123, 40, 121) : 1
(120, 121, 40) : 44
(124, 122, 121) : 1986
(125, 121) : 445
(124, 125, 120) : 1518
(121, 125) : 589
(124, 122, 123) : 602
(125, 120, 124) : 491
(125, 123, 124) : 310
(122, 123, 40) : 6
(122, 125, 120) : 736
(40, 123, 122) : 1
(123, 121, 40) : 4
(124, 123, 40) : 3
(125, 120, 122) : 733
(124, 120) : 861
(121, 124, 40) : 19
(40, 123, 120) : 2
(124, 120, 122) : 1435
(123, 122) : 525
(125, 120, 121) : 758
(123, 122, 124) : 657
(123, 121, 124) : 586
(122, 120, 124) : 1805
(124, 125, 40) : 32
(120, 121, 123) : 2388
(122, 125, 124) : 1142
(120, 121) : 1775
(121, 122, 40) : 24
(123, 121, 122) : 808
(40, 124) : 6
(123, 122, 40) : 9
(125, 122, 124) : 1147
(121, 123, 40) : 9
(40, 123, 124) : 2
(40, 120, 124) : 1
(120, 125, 124) : 738
(123, 121, 120) : 797
(120, 122, 124) : 3506
(40, 124, 121) : 4
(123, 120, 122) : 569
(121, 120, 123) : 1490
(122, 125) : 726
(123, 121) : 446
(40, 120, 122) : 6
(124, 123, 125) : 418
(125, 120, 40) : 5
(120, 121, 124) : 2150
(125, 122, 120) : 791
(123, 40) : 37
(122, 124, 40) : 17
(120,) : 22072
(124, 120, 40) : 8
(40, 121) : 5
(123, 125, 122) : 413
(120, 121, 125) : 1641
(120, 124) : 1043
(121, 123, 125) : 1124
(124, 123, 121) : 468
(120, 125, 122) : 880
(122, 40, 121) : 1
(123, 125, 120) : 322
(121, 120, 125) : 1325
(40, 121, 125) : 2
(40, 124, 122) : 6
(122, 40, 123) : 1
(122, 123, 121) : 936
(125, 124, 123) : 1041
(120, 123, 122) : 909
(125, 40) : 39
(40, 124, 120) : 1
(121, 120) : 1264
(123, 125, 124) : 349
(121, 125, 123) : 489
(120, 125, 40) : 18
(125, 124, 121) : 1566
(122, 121, 124) : 2259
(123, 120) : 381
(122, 120, 121) : 2074
(124, 121, 120) : 1279
(121, 122, 123) : 1746
(123, 120, 40) : 13
(121,) : 14868
(125, 123, 40) : 6
(122, 124, 121) : 1612
(124, 121, 122) : 1609
(121, 122, 125) : 1498
(124, 125) : 1733
(122, 121, 125) : 1226
(122, 121, 120) : 2181
(122, 124, 123) : 531
(40, 122, 121) : 2
(121, 123) : 651
(122, 121) : 1329
(123, 125) : 347
(40, 122, 123) : 2
(125, 121, 123) : 640
(124, 121, 40) : 13
(120, 122, 121) : 2885
(124, 122, 120) : 1576
(122, 123, 125) : 756
(125, 40, 123) : 2
(40, 122, 125) : 3
() : 50324
(40, 125) : 6
(123, 124, 120) : 300
(121, 124, 125) : 2111
(120, 40, 125) : 1
(120, 122, 40) : 28
(125, 40, 121) : 1
(122, 123, 120) : 853
(122, 120, 40) : 23
(122,) : 16763
(120, 124, 123) : 319
(120, 40) : 156
(123, 124, 122) : 419
(121, 124, 123) : 499
(120, 40, 123) : 2
(125, 123, 121) : 666
(123, 40, 120) : 1
(125, 124) : 1007
(120, 124, 121) : 1441
(121, 40, 122) : 1
(120, 40, 121) : 1
(40, 125, 121) : 2
(123, 40, 122) : 1
(121, 40) : 72
(121, 124) : 2224
(40, 121, 123) : 3
(122, 125, 40) : 13
(40, 125, 123) : 2
(120, 125) : 596
(125, 122, 40) : 8
(122, 125, 123) : 435
(120, 124, 125) : 2147
(124, 125, 123) : 709
(122, 40) : 89
(125, 120) : 428
(122, 125, 121) : 805
(124, 120, 123) : 345
(121, 40, 124) : 1
(125, 120, 123) : 454
(123, 125, 40) : 14
(123, 121, 125) : 741
(121, 40, 120) : 1
(122, 120, 125) : 1241
(123,) : 4501
(124, 123) : 360
(124, 125, 121) : 2473
(124, 120, 121) : 1276
(120, 123, 124) : 618
(123, 122, 125) : 653
(120, 122) : 1687
(124, 122, 40) : 18
(120, 122, 123) : 1539
(123, 120, 124) : 341
(40, 120, 125) : 2
(120, 122, 125) : 2193
(125, 123) : 277
(120, 123, 40) : 20
(123, 120, 121) : 858
(121, 120, 122) : 2421
(40, 123, 125) : 4
(124, 120, 125) : 1275
(40, 120, 123) : 5
(123, 124) : 356
(124, 40, 123) : 1
(40,) : 914
(122, 120, 123) : 877
(120, 124, 40) : 23
(123, 120, 125) : 466
(121, 122) : 1691
(124, 125, 122) : 4044
(40, 121, 120) : 6
(40, 120, 121) : 11
(124, 123, 122) : 511
(124, 40, 121) : 1
(122, 40, 124) : 7
(124, 40, 120) : 3
(122, 121, 40) : 12
(125, 122, 121) : 870
