440, 441, 442, 132
-+-+-+-+-
(440, 442, 441) : 6356
(440, 441, 132) : 1019
(442,) : 3669
(442, 132, 441) : 5
(442, 441, 440) : 5567
(132, 441, 440) : 49
(442, 440, 132) : 12
(441, 440, 132) : 1034
(132, 440) : 7
(132, 440, 442) : 3
(132, 441, 442) : 6
(442, 440, 441) : 2639
(132, 440, 441) : 25
(440, 441, 442) : 24516
(441, 440, 442) : 26123
(441, 132) : 342
(441, 440) : 10736
(440, 442, 132) : 95
(440, 132) : 349
(440, 441) : 9055
(132, 441) : 10
(442, 441, 132) : 80
(132, 442) : 18
(440,) : 21093
(442, 132) : 91
(442, 440) : 222
(441, 442, 132) : 381
(441, 132, 442) : 23
(440, 442) : 795
(440, 132, 442) : 20
(441, 132, 440) : 40
(440, 132, 441) : 40
(442, 441) : 687
(441, 442, 440) : 11986
(442, 132, 440) : 6
(132, 442, 441) : 10
(132,) : 446
(441, 442) : 2692
() : 6459
(132, 442, 440) : 4
(441,) : 23277
