129, 130, 131, 39
-+-+-+-+-
(129, 131, 39) : 9
(129, 131) : 568
(129, 131, 130) : 1541
(130, 129) : 1788
(130, 129, 131) : 2856
(130, 131, 129) : 879
(129, 130) : 2629
(39, 131) : 4
(129,) : 3253
(131, 130, 129) : 3435
(131,) : 10984
(130, 39, 131) : 1
(131, 130, 39) : 11
(131, 129, 39) : 23
(131, 129, 130) : 3917
(130, 39) : 5
(129, 39, 130) : 2
(131, 130) : 416
(39, 131, 129) : 1
(130, 129, 39) : 86
(129, 130, 39) : 131
(131, 39, 129) : 14
(129, 130, 131) : 4175
(130, 131) : 221
(129, 39) : 7
(39,) : 44
(129, 39, 131) : 2
(131, 39, 130) : 7
(39, 129) : 2
(130,) : 1809
(39, 129, 131) : 2
(131, 129) : 976
(130, 131, 39) : 5
(130, 39, 129) : 1
(39, 129, 130) : 4
() : 3661
(131, 39) : 184
(39, 130, 129) : 8
