35, 116, 117, 118, 119
-+-+-+-+-
(118, 35) : 81
(118, 119, 117) : 3833
(117, 35, 116) : 4
(118, 119) : 1728
(116, 117, 35) : 23
(119, 118) : 2488
(117, 116, 119) : 2594
(118, 117, 35) : 262
(35, 117) : 4
(117, 118) : 13460
(119, 117, 35) : 31
(117, 116, 35) : 30
(35, 116, 117) : 18
() : 13639
(117, 118, 116) : 22575
(116,) : 10390
(35, 116, 118) : 10
(118, 116) : 1490
(117, 116) : 1442
(118, 119, 35) : 35
(119, 118, 116) : 4818
(118,) : 16757
(35, 116, 119) : 2
(116, 117) : 1579
(119, 117, 118) : 5541
(119, 118, 117) : 6293
(35, 116) : 18
(35, 119, 117) : 1
(117, 35) : 71
(119, 118, 35) : 42
(116, 35, 118) : 4
(119, 117) : 2344
(118, 116, 35) : 22
(116, 119, 118) : 4079
(117, 119, 35) : 13
(119, 117, 116) : 4890
(116, 35, 119) : 9
(118, 117, 116) : 16823
(117, 119, 116) : 2469
(116, 118, 117) : 4264
(118, 117) : 11047
(118, 117, 119) : 7050
(116, 118) : 1282
(116, 35) : 75
(116, 35, 117) : 7
(35, 119, 118) : 3
(35, 119) : 28
(119, 35, 117) : 8
(117, 119) : 1443
(35,) : 324
(118, 35, 117) : 7
(119, 116) : 10076
(117, 119, 118) : 2717
(117, 118, 119) : 8461
(116, 118, 119) : 2769
(35, 117, 118) : 7
(116, 119, 35) : 229
(35, 118, 119) : 2
(118, 116, 117) : 4678
(118, 35, 119) : 6
(119, 116, 117) : 10209
(117, 116, 118) : 6433
(119, 35, 118) : 14
(116, 118, 35) : 24
(116, 119) : 4919
(35, 117, 116) : 9
(119, 116, 118) : 9924
(117,) : 17189
(35, 118) : 6
(119, 35) : 664
(118, 116, 119) : 2336
(35, 118, 117) : 7
(116, 117, 118) : 8234
(117, 35, 119) : 2
(35, 118, 116) : 7
(119,) : 47044
(116, 119, 117) : 4351
(116, 117, 119) : 3092
(118, 35, 116) : 4
(117, 35, 118) : 7
(35, 119, 116) : 12
(118, 119, 116) : 2893
(117, 118, 35) : 325
(119, 35, 116) : 51
(119, 116, 35) : 620
