0, 1, 2, 3, 4, 5, 6, 7, 8, 9, 10, 11, 12, 13, 14, 15, 16, 17
-+-+-+-+-
(1, 2, 8) : 3
(7, 1, 3) : 60
(3, 6, 11) : 9
(11, 0, 9) : 6
(1, 7, 2) : 13
(9, 0) : 20
(1, 10, 5) : 6
(0, 4, 10) : 3
(3, 1, 4) : 1
(6, 5, 7) : 20
(11, 5, 1) : 9
(11, 8, 6) : 34
(3, 2) : 3
(0, 7, 4) : 1
(3, 2, 6) : 2
(8, 11, 3) : 14
(10, 9, 5) : 4
(1, 3, 7) : 4
(10, 2, 4) : 18
(7, 6, 2) : 190
(3, 7, 8) : 6
(6, 1, 10) : 6
(6, 10, 3) : 41
(11, 1, 6) : 14
(5, 7, 11) : 2
(1, 0, 3) : 1
(0, 3, 11) : 2
(3, 11) : 13
(8, 7, 6) : 49
(6, 9, 7) : 114
(11, 2, 0) : 17
(10, 6, 1) : 11
(6, 11, 9) : 11
(0, 6, 7) : 14
(0, 11, 4) : 3
(8, 10, 0) : 4
(10, 8, 6) : 5
(3, 4, 9) : 3
(10,) : 319
(6, 0, 9) : 5
(0, 5) : 10
(7, 4) : 680
(6, 7, 5) : 32
(8, 6, 5) : 6
(6, 8, 4) : 35
(0, 5, 6) : 6
(0, 10, 7) : 9
(3, 0, 4) : 3
(8, 9, 1) : 4
(10, 11, 7) : 37
(10, 4, 6) : 26
(7, 4, 0) : 75
(6, 3, 8) : 20
(0, 1, 9) : 2
(6, 11, 5) : 1
(11, 0, 2) : 5
(10, 6, 4) : 15
(10, 5) : 3
(0, 4, 1) : 2
(3, 10, 2) : 4
(0, 9, 6) : 2
(4, 7) : 186
(6, 2, 7) : 19
(5, 0, 9) : 1
(11, 10, 16) : 1
(4, 3, 1) : 3
(9, 7, 11) : 61
(6, 1, 3) : 6
(8, 4, 3) : 6
(5, 7, 2) : 8
(3, 11, 1) : 1
(5, 9, 7) : 11
(2, 10, 11) : 56
(1, 4, 10) : 10
(9, 3, 0) : 3
(5, 1, 10) : 6
(9, 0, 10) : 11
(1, 3) : 3
(1, 6) : 6
(2, 5, 9) : 13
(10, 1, 4) : 16
(1, 11, 8) : 2
(13, 4, 6) : 1
(0, 2, 3) : 5
(3, 8, 0) : 4
(2, 0, 1) : 7
(5, 10, 6) : 1
(11, 9, 7) : 56
(1, 5, 9) : 19
(1, 8, 2) : 1
(11, 7, 8) : 47
(11, 10, 3) : 21
(5, 2, 11) : 2
(6, 3, 1) : 6
(8, 2, 1) : 4
(2, 4, 10) : 20
(10, 0, 7) : 8
(0, 1, 2) : 19
(2, 3, 0) : 1
(5, 11, 1) : 3
(1, 6, 8) : 3
(4, 8, 9) : 21
(11, 10) : 77
(9, 10, 11) : 43
(15, 4, 7) : 1
(11, 4, 9) : 56
(4, 11, 5) : 9
(5, 4) : 3
(9, 2, 8) : 5
(8, 1, 0) : 2
(2, 7, 11) : 53
(10, 3, 6) : 15
(7, 1, 8) : 57
(11, 3) : 8
(8, 4, 10) : 23
(1, 10, 0) : 4
(9, 11, 4) : 30
(2, 8) : 4
(7, 9, 11) : 367
(3, 1, 9) : 6
(6, 5, 10) : 5
(11,) : 1218
(11, 8, 1) : 7
(1, 4, 3) : 2
(4, 10, 6) : 21
(4, 7, 5) : 4
(0, 7, 11) : 6
(9, 8, 6) : 42
(11, 6, 0) : 9
(2, 6, 4) : 4
(5, 0, 7) : 4
(10, 9, 8) : 4
(10, 2, 1) : 33
(7, 6, 9) : 997
(0, 8, 2) : 2
(8, 3, 11) : 6
(6, 10, 8) : 15
(2, 3) : 5
(2, 5, 6) : 3
(7, 3, 1) : 58
(9, 4, 5) : 17
(0, 8, 7) : 6
(6, 4, 9) : 53
(6, 9, 2) : 10
(1, 5, 0) : 9
(4, 9, 7) : 37
(1, 8, 11) : 5
(0, 6, 8) : 4
(0, 11, 3) : 3
(11, 7, 3) : 15
(2, 9, 5) : 12
(11, 10, 8) : 34
(5, 1, 4) : 3
(10, 8, 11) : 27
(10, 5, 0) : 1
(2, 4, 5) : 3
(9, 5, 6) : 14
(8, 11) : 27
(6, 7, 8) : 187
(6, 8, 1) : 11
(5, 8, 10) : 4
(4, 8, 0) : 1
(1, 9, 8) : 7
(4, 5, 7) : 9
(0, 5, 9) : 2
(9, 10, 4) : 15
(11, 4, 2) : 2255
(2, 8, 6) : 2
(10, 4, 3) : 5
(6, 9) : 95
(7, 4, 11) : 320
(12, 10, 1) : 1
(8, 1, 9) : 2
(2, 7, 4) : 25
(9, 6, 7) : 154
(6, 11, 0) : 7
(1, 7, 6) : 17
(1, 10, 9) : 12
(3, 10, 9) : 4
(0, 9, 1) : 1
(3, 1, 0) : 3
(6, 0) : 16
(5, 8, 11) : 2
(2, 11, 7) : 81
(11, 8, 10) : 55
(10, 7, 2) : 16
(7, 5, 4) : 59
(3, 2, 10) : 3
(8, 11, 7) : 37
(2, 6, 11) : 3
(10, 9, 1) : 14
(10, 2, 8) : 2
(9, 7, 0) : 25
(11, 1, 2) : 40
(0, 11, 7) : 8
(1, 0, 7) : 13
(9, 4, 10) : 23
(3, 11, 10) : 5
(6, 4, 0) : 37
(8, 7, 2) : 6
(6, 9, 11) : 23
(2, 1, 9) : 38
(11, 2, 4) : 312
(5, 9, 8) : 3
(2, 10, 0) : 8
(5, 4, 3) : 2
(9, 7) : 957
(0, 6, 3) : 7
(7, 10, 5) : 77
(9, 3, 5) : 7
(8, 10, 4) : 11
(2, 9, 10) : 10
(10, 8, 2) : 1
(3, 5) : 2
(4, 2, 7) : 36
(9, 0, 1) : 16
(3, 8, 11) : 1
(9, 8) : 57
(6, 7, 1) : 55
(8, 6, 1) : 6
(2, 0, 10) : 10
(11, 3, 7) : 14
(13, 12) : 1
(0, 5, 2) : 2
(7, 11, 6) : 411
(0, 10, 11) : 2
(3, 10) : 6
(8, 9, 5) : 2
(2, 8, 9) : 2
(10, 11, 3) : 11
(4, 1, 6) : 10
(9, 1, 2) : 55
(12,) : 1
(1, 2, 5) : 49
(9, 6, 8) : 65
(3, 9, 4) : 6
(8, 5, 0) : 3
(0, 6) : 8
(11, 0, 6) : 3
(5, 6, 1) : 3
(0, 4, 5) : 5
(3, 10, 6) : 12
(0, 9, 10) : 3
(2, 11, 8) : 8
(4, 11, 8) : 93
(10, 7, 11) : 19
(4, 0, 1) : 3
(7, 5, 11) : 30
(9, 2, 3) : 10
(6, 2, 3) : 8
(1, 3, 10) : 7
(3, 6, 5) : 1
(6, 1, 7) : 14
(8, 4, 7) : 40
(11, 1, 9) : 8
(7, 2, 9) : 185
(0, 3, 4) : 2
(3, 11, 5) : 1
(7, 9, 0) : 253
(8, 7, 11) : 29
(5, 9, 3) : 3
(5, 4, 8) : 2
(1, 4, 6) : 18
(4, 10, 11) : 73
(10, 2) : 22
(4, 7, 0) : 12
(8, 0, 4) : 1
(11, 6, 7) : 71
(1, 11) : 4
(4, 0) : 2
(3, 7, 6) : 24
(6, 0, 4) : 15
(8, 3, 6) : 8
(1, 8, 6) : 8
(10, 1, 0) : 8
(1, 11, 4) : 8
(7, 3, 10) : 147
(0, 2, 7) : 12
(3, 8, 4) : 8
(11, 2, 10) : 122
(5, 10, 2) : 2
(11, 9, 3) : 12
(4, 9, 10) : 12
(10, 6, 11) : 12
(4, 6, 3) : 18
(7, 11, 9) : 317
(11, 7, 4) : 182
(11, 10, 7) : 74
(3, 4, 7) : 5
(6, 3, 5) : 4
(17, 4, 10) : 1
(10, 0, 3) : 8
(7, 0, 11) : 32
(0, 1, 6) : 3
(3, 9, 11) : 13
(8, 5, 9) : 3
(1, 5) : 10
(11, 3, 9) : 10
(5, 6, 10) : 2
(1, 6, 4) : 8
(1, 9, 5) : 17
(4, 5, 2) : 1
(11, 4, 5) : 26
(4, 11, 1) : 37
(4, 0, 8) : 3
(3, 5, 0) : 1
(6, 2, 10) : 6
(8, 1, 4) : 7
(10, 3, 2) : 6
(3, 6, 10) : 7
(11, 0, 8) : 1
(1, 7, 3) : 3
(1, 10, 4) : 11
(0, 4, 11) : 5
(9, 11, 0) : 18
(7, 9, 15) : 1
(3, 1, 5) : 2
(11, 5, 2) : 12
(11, 8, 5) : 5
(4, 10, 2) : 25
(4, 7, 9) : 33
(8, 11, 2) : 11
(2, 6, 0) : 1
(8, 2, 5) : 2
(10, 9, 4) : 7
(10, 2, 5) : 7
(3, 7, 9) : 8
(6, 10, 4) : 18
(11, 1, 7) : 29
(1, 0, 2) : 14
(10, 1, 9) : 7
(0, 3, 10) : 7
(9, 4, 1) : 26
(0, 8, 3) : 7
(11, 2) : 152
(11, 2, 3) : 10
(4, 9, 3) : 4
(10, 6, 2) : 4
(4, 6, 10) : 33
(0, 6, 4) : 2
(9, 3, 10) : 27
(2, 9) : 15
(8, 10, 1) : 2
(6, 12, 8) : 1
(2, 9, 1) : 29
(5, 1, 0) : 7
(10, 8, 7) : 14
(10, 5, 4) : 2
(3, 4, 8) : 12
(0, 2, 9) : 5
(9, 5, 2) : 29
(6, 7, 4) : 268
(6, 8, 5) : 4
(2, 0) : 1
(4, 5, 11) : 1
(0, 10, 4) : 6
(8, 9, 0) : 7
(5, 2, 1) : 16
(10, 11, 6) : 16
(10, 4, 7) : 40
(0, 11, 9) : 4
(1, 2, 0) : 18
(10, 3, 11) : 5
(9, 6, 3) : 36
(6, 11, 4) : 31
(11, 0, 1) : 5
(0, 4, 2) : 4
(0, 9, 5) : 5
(5, 8, 7) : 4
(2, 11, 3) : 4
(10, 7, 6) : 19
(7, 5, 0) : 88
(2, 1, 7) : 63
(4, 3, 0) : 4
(9, 7, 4) : 95
(6, 1, 2) : 11
(5, 7, 3) : 1
(2, 1, 5) : 45
(5, 9, 4) : 4
(2, 10, 4) : 24
(5, 4, 7) : 7
(7, 10, 1) : 156
(9, 3, 1) : 16
(6, 1) : 12
(8, 0, 9) : 2
(11, 6, 10) : 35
(5, 1, 11) : 1
(4, 2, 3) : 2
(9, 0, 5) : 10
(6, 0, 1) : 14
(2, 5, 8) : 2
(10, 1, 7) : 24
(1, 11, 9) : 4
(12, 7, 9) : 1
(2, 0, 6) : 3
(11, 9, 8) : 26
(7, 11, 2) : 387
(11, 7, 9) : 48
(11, 10, 2) : 98
(5, 2, 10) : 4
(9, 6) : 138
(9, 1, 6) : 29
(6, 3, 0) : 26
(2, 4, 11) : 87
(0, 9) : 6
(10, 0, 4) : 2
(3, 4) : 8
(3, 9, 0) : 5
(2, 3, 7) : 4
(5, 11, 2) : 1
(4, 8, 10) : 28
(7, 8, 3) : 145
(5, 11) : 4
(11, 4, 8) : 135
(4, 0, 5) : 1
(9, 2, 7) : 34
(2, 7, 10) : 55
(10, 3, 5) : 1
(4, 3, 9) : 5
(7, 9) : 2821
(7, 1, 9) : 296
(3, 6, 1) : 5
(8, 4, 11) : 23
(1, 7, 8) : 2
(7, 2, 5) : 170
(9, 11, 5) : 8
(7, 9, 4) : 412
(3, 1, 10) : 3
(0, 7) : 24
(11, 8, 0) : 7
(1, 4, 2) : 5
(4, 10, 7) : 52
(0, 7, 10) : 6
(9, 8, 1) : 12
(8, 11, 9) : 10
(7, 6) : 4253
(11, 6, 3) : 4
(2, 6, 5) : 9
(5, 0, 6) : 3
(16,) : 1
(10, 9, 11) : 8
(4, 2, 10) : 28
(7, 6, 8) : 1212
(3, 7, 2) : 3
(8, 3, 10) : 1
(6, 10, 9) : 10
(2, 5, 1) : 16
(1, 0, 9) : 7
(1, 11, 0) : 3
(7, 3, 6) : 212
(4, 9, 6) : 22
(10, 6, 7) : 24
(4, 6, 7) : 89
(0, 6, 9) : 3
(0, 11, 2) : 3
(11, 7, 0) : 22
(2, 9, 4) : 3
(10, 5, 3) : 1
(4, 1, 11) : 12
(10, 3) : 7
(8, 2, 9) : 2
(1, 10) : 15
(4, 1) : 9
(9, 5, 7) : 35
(1, 6, 0) : 2
(4, 8, 1) : 13
(4, 5, 6) : 6
(9, 10, 3) : 20
(0, 10, 1) : 5
(8, 9, 11) : 16
(11, 4, 1) : 105
(2, 8, 7) : 7
(5, 2, 4) : 3
(10, 11, 9) : 13
(10, 4, 0) : 1
(7, 4, 10) : 192
(3, 5, 4) : 2
(4, 8) : 39
(1, 2, 11) : 11
(7, 1, 0) : 110
(1, 10, 8) : 3
(3, 10, 8) : 5
(6, 5, 2) : 4
(11, 5, 6) : 6
(1, 4) : 9
(2, 11, 6) : 12
(11, 8, 9) : 21
(10, 7, 1) : 18
(0, 7, 3) : 8
(8, 11, 6) : 25
(5, 0, 3) : 3
(10, 9, 0) : 11
(1, 3, 4) : 2
(10, 2, 9) : 7
(4, 3, 7) : 11
(7, 6, 1) : 283
(9, 7, 1) : 55
(6, 1, 9) : 11
(6, 10, 0) : 25
(11, 1, 3) : 3
(5, 7, 8) : 4
(1, 0, 6) : 3
(6, 4, 1) : 20
(8, 7, 5) : 7
(6, 9, 10) : 21
(2, 1, 8) : 5
(11, 2, 7) : 142
(2, 10, 1) : 37
(7, 10, 4) : 169
(9, 3, 6) : 32
(16, 4, 11) : 1
(10, 8, 3) : 1
(10, 5, 8) : 2
(14, 11) : 1
(12, 11, 10) : 1
(6, 0, 10) : 14
(5, 2) : 4
(9, 1, 4) : 18
(3, 8, 10) : 4
(6, 7, 0) : 129
(6, 8, 9) : 41
(2, 0, 11) : 1
(11, 3, 4) : 19
(0, 5, 1) : 6
(0, 10, 8) : 3
(3, 0, 7) : 9
(8, 9, 4) : 19
(11, 5) : 3
(10, 11, 2) : 41
(10, 4, 11) : 60
(4, 1, 5) : 6
(7, 4, 3) : 94
(9, 1, 3) : 14
(2, 6) : 6
(6, 3, 11) : 7
(1, 2, 4) : 15
(3, 9, 5) : 5
(8, 5, 7) : 6
(6, 11, 8) : 29
(2, 3, 10) : 3
(11, 0, 5) : 2
(5, 6, 0) : 2
(17,) : 6
(0, 4, 6) : 1
(3, 10, 1) : 6
(7, 8, 6) : 542
(5, 8, 3) : 2
(2, 1) : 30
(5, 3, 10) : 3
(4, 0, 2) : 1
(6, 2, 4) : 12
(1, 3, 11) : 2
(8, 6) : 40
(9, 7, 8) : 80
(3, 6, 4) : 11
(8, 4, 0) : 4
(11, 1, 10) : 21
(7, 2, 8) : 43
(0, 3, 7) : 8
(3, 11, 2) : 4
(7, 9, 1) : 513
(8, 7, 10) : 13
(5, 9, 0) : 4
(2, 10, 8) : 4
(1, 4, 9) : 5
(4, 10, 8) : 41
(4, 7, 3) : 17
(8, 0, 5) : 1
(6, 0, 5) : 8
(8, 3, 1) : 2
(10, 1, 3) : 4
(1, 11, 5) : 5
(7, 3, 11) : 57
(0, 2, 4) : 1
(8, 6, 9) : 21
(5, 10, 1) : 5
(11, 9, 4) : 33
(1, 5, 10) : 11
(4, 6, 0) : 7
(11, 7, 5) : 27
(11, 10, 6) : 35
(9, 1, 10) : 15
(3, 4, 6) : 13
(6, 3, 4) : 33
(7, 0, 10) : 97
(0, 1, 5) : 8
(5, 11, 6) : 2
(5, 6, 9) : 8
(1, 6, 11) : 1
(1, 9, 2) : 21
(4, 5, 1) : 4
(4, 11, 0) : 10
(4, 0, 9) : 1
(9, 2, 11) : 16
(6, 2, 11) : 5
(8, 1, 3) : 1
(10, 3, 1) : 8
(9, 5) : 21
(0, 10) : 3
(1, 10, 3) : 6
(3, 7) : 39
(7, 2, 1) : 309
(9, 11, 1) : 16
(7, 9, 8) : 545
(3, 1, 6) : 1
(6, 5, 9) : 9
(11, 5, 3) : 1
(11, 8, 4) : 74
(4, 10, 3) : 10
(4, 7, 8) : 51
(0, 7, 6) : 8
(9, 8, 5) : 11
(3, 2, 0) : 2
(2, 6, 1) : 9
(5, 0, 2) : 4
(10, 9, 7) : 17
(10, 2, 6) : 12
(0, 1) : 9
(0,) : 149
(6, 10, 5) : 8
(10, 1, 8) : 3
(7, 3, 2) : 33
(9, 4, 0) : 9
(6, 4, 10) : 46
(6, 9, 1) : 30
(4, 9, 2) : 4
(10, 6, 3) : 17
(4, 6, 11) : 37
(9, 3, 11) : 21
(17, 7, 8) : 1
(2, 9, 0) : 7
(10, 8, 4) : 18
(10, 5, 7) : 10
(7, 1) : 416
(2, 4, 6) : 15
(10, 0, 11) : 5
(7, 0, 3) : 141
(9, 5, 3) : 4
(6, 7, 11) : 64
(6, 8, 2) : 3
(11, 3, 1) : 1
(4, 8, 5) : 5
(4, 5, 10) : 1
(9, 10, 7) : 38
(0, 10, 5) : 2
(3, 0, 2) : 4
(2, 8, 3) : 1
(5, 2, 0) : 3
(10, 11, 5) : 3
(3, 5, 8) : 1
(10, 0) : 8
(7, 1, 4) : 109
(9, 6, 2) : 7
(6, 11, 3) : 8
(1, 9) : 14
(4, 2) : 22
(0, 4, 3) : 1
(9, 11, 8) : 52
(0, 9, 4) : 3
(5, 8, 6) : 1
(5, 3, 7) : 2
(10, 7, 5) : 9
(7, 5, 1) : 168
(3, 2, 9) : 2
(10, 11) : 27
(2, 6, 8) : 4
(5, 0, 11) : 2
(1, 3, 0) : 6
(7, 6, 5) : 229
(9, 7, 5) : 38
(1, 2) : 22
(4, 9) : 24
(11, 3, 0) : 1
(5, 7, 4) : 5
(0, 3, 2) : 3
(8, 7, 1) : 15
(2, 1, 4) : 20
(2, 10, 5) : 14
(5, 4, 6) : 2
(9, 8, 11) : 49
(7, 10, 0) : 160
(9, 3, 2) : 11
(8, 0, 10) : 8
(4, 2, 0) : 6
(9, 0, 4) : 6
(2, 5, 11) : 10
(10, 1, 6) : 6
(1, 11, 10) : 10
(0, 2, 1) : 5
(9, 5, 10) : 15
(2, 0, 7) : 7
(5, 10, 4) : 3
(7, 11, 3) : 91
(3, 0, 11) : 2
(3, 6) : 20
(2, 8, 10) : 6
(5, 2, 9) : 6
(9, 1, 7) : 50
(0, 11, 10) : 6
(2, 4, 8) : 5
(10, 0, 5) : 6
(9, 6, 11) : 48
(3, 9, 1) : 1
(8, 5, 3) : 2
(2, 3, 6) : 4
(5, 11, 3) : 1
(5, 6, 4) : 3
(4, 8, 11) : 77
(5, 1) : 3
(3, 10, 5) : 4
(7, 8, 2) : 40
(1,) : 291
(8, 5) : 1
(4, 11, 7) : 135
(4, 0, 6) : 1
(7, 5, 8) : 75
(9, 2, 6) : 17
(6, 2, 0) : 4
(11, 4) : 402
(2, 7, 9) : 35
(16, 5, 1) : 1
(10, 3, 4) : 10
(4, 3, 8) : 8
(7, 1, 10) : 151
(3, 6, 0) : 5
(2, 7) : 187
(5, 10) : 1
(1, 7, 9) : 16
(7, 2, 4) : 121
(9, 11, 6) : 38
(3, 11, 6) : 7
(7, 9, 5) : 284
(3, 1, 11) : 1
(11, 5, 8) : 8
(8, 0) : 3
(1, 4, 5) : 10
(9, 8, 0) : 11
(7, 10, 9) : 149
(8, 0, 1) : 1
(11, 6, 2) : 22
(10, 2, 3) : 4
(4, 2, 11) : 58
(7, 6, 11) : 657
(8, 3, 5) : 5
(2, 5, 0) : 5
(1, 0, 8) : 1
(8, 7) : 132
(9, 4, 7) : 68
(3, 8, 7) : 8
(0, 8, 9) : 2
(11, 2, 9) : 25
(11, 9, 0) : 9
(1, 5, 6) : 5
(4, 9, 5) : 2
(1, 8, 5) : 2
(7, 11, 10) : 323
(8, 10, 11) : 17
(11, 7, 1) : 41
(2, 9, 7) : 32
(10, 8, 9) : 3
(10, 5, 2) : 1
(4, 1, 10) : 9
(3, 4, 2) : 3
(8, 2, 6) : 3
(2, 4, 3) : 1
(7, 0, 6) : 143
(9, 5, 4) : 13
(3, 9, 8) : 14
(11, 3, 10) : 18
(1, 6, 7) : 19
(4, 8, 2) : 8
(1, 9, 6) : 8
(9, 10, 2) : 17
(7, 8, 11) : 302
(8, 9, 10) : 11
(11, 4, 0) : 18
(2, 8, 4) : 3
(10, 11, 8) : 23
(10, 4, 1) : 11
(7, 4, 9) : 253
(8, 1, 7) : 7
(1, 2, 10) : 27
(9, 6, 5) : 20
(3, 6, 9) : 9
(6, 7) : 1134
(1, 7, 0) : 12
(1, 10, 7) : 19
(3, 10, 11) : 4
(3, 1, 2) : 1
(11, 5, 7) : 8
(2, 11, 5) : 12
(9, 3) : 55
(10, 7, 0) : 14
(0, 7, 2) : 5
(7, 5, 6) : 126
(3, 2, 4) : 1
(8, 11, 1) : 6
(10, 9, 3) : 6
(1, 3, 5) : 2
(4, 3, 6) : 10
(7, 6, 0) : 492
(9, 7, 2) : 28
(3, 7, 10) : 11
(6, 1, 8) : 7
(6, 10, 1) : 5
(11, 1, 4) : 18
(10, 6, 9) : 8
(5, 7, 9) : 11
(9, 4) : 44
(0, 3, 9) : 4
(3, 11, 8) : 6
(8, 7, 4) : 22
(6, 9, 5) : 12
(2, 1, 11) : 23
(11, 2, 6) : 25
(0, 11) : 5
(0, 6, 1) : 4
(9, 3, 7) : 42
(8, 10, 2) : 4
(10, 8, 0) : 4
(10, 5, 11) : 5
(4, 2, 5) : 5
(9, 0, 3) : 11
(3, 4, 11) : 3
(6, 0, 11) : 4
(2,) : 374
(16, 7, 6) : 1
(0, 2, 10) : 1
(3, 8, 9) : 11
(0, 2) : 4
(8, 6, 7) : 48
(2, 0, 8) : 4
(11, 3, 5) : 2
(7, 11) : 1101
(0, 10, 9) : 2
(3, 0, 6) : 2
(8, 9, 3) : 7
(10, 11, 1) : 17
(10, 4, 8) : 21
(7, 4, 2) : 130
(9, 1, 0) : 13
(6, 3, 10) : 34
(1, 2, 3) : 13
(0, 1, 11) : 1
(3, 9, 6) : 18
(8, 5, 6) : 2
(6, 11, 7) : 29
(7, 0) : 161
(2, 3, 9) : 3
(11, 0, 4) : 5
(5, 11, 8) : 4
() : 4735
(0, 4, 7) : 10
(3, 10, 0) : 15
(7, 8, 5) : 66
(0, 9, 8) : 2
(10, 6) : 13
(4, 11, 10) : 148
(10, 7, 9) : 9
(4, 0, 3) : 4
(9, 2, 1) : 35
(6, 2, 5) : 6
(3, 6, 7) : 34
(8, 4, 1) : 8
(5, 7, 0) : 7
(7, 2, 11) : 223
(0, 3, 6) : 6
(7, 9, 2) : 240
(2, 1, 0) : 14
(5, 9, 1) : 4
(2, 10, 9) : 13
(5, 4, 10) : 2
(1, 4, 8) : 5
(4, 10, 9) : 7
(4, 7, 2) : 19
(4, 3) : 8
(8, 0, 6) : 1
(11, 6, 9) : 19
(9, 0, 8) : 3
(3, 7, 4) : 6
(6, 0, 2) : 7
(8, 3, 0) : 6
(10, 8) : 13
(10, 1, 2) : 26
(1, 11, 6) : 2
(7, 3, 8) : 115
(0, 2, 5) : 5
(3, 8, 2) : 1
(4, 10) : 34
(2, 0, 3) : 3
(5, 10, 0) : 7
(11, 9, 5) : 6
(1, 5, 11) : 1
(10, 12, 4) : 1
(4, 9, 8) : 13
(1, 8, 0) : 1
(4, 6, 1) : 19
(11, 7, 10) : 68
(11, 10, 1) : 39
(9, 1, 11) : 2
(3, 4, 5) : 2
(8, 2, 3) : 1
(10, 0, 1) : 13
(7, 0, 9) : 80
(0, 1, 4) : 6
(5, 11, 7) : 6
(5, 6, 8) : 4
(1, 6, 10) : 14
(1, 9, 3) : 5
(11, 9) : 36
(4, 11, 3) : 19
(4, 0, 10) : 5
(9, 2, 10) : 22
(3, 5, 2) : 4
(8, 1, 2) : 3
(5, 7) : 20
(10, 3, 0) : 8
(8, 4) : 25
(1, 10, 2) : 15
(7, 2, 0) : 81
(9, 11, 2) : 17
(3, 1, 7) : 4
(6, 5, 8) : 1
(11, 8, 3) : 11
(3,) : 209
(4, 10, 0) : 6
(4, 7, 11) : 58
(0, 7, 9) : 5
(9, 8, 4) : 29
(10, 9, 6) : 11
(10, 2, 7) : 28
(8, 3, 9) : 3
(11, 7) : 513
(2, 5, 4) : 6
(10, 1, 11) : 10
(9, 4, 3) : 15
(0, 8, 5) : 1
(6, 4, 11) : 46
(2, 4) : 14
(6, 9, 0) : 20
(5, 9) : 6
(1, 5, 2) : 18
(4, 9, 1) : 7
(1, 8, 9) : 5
(4, 6, 8) : 41
(0, 6, 10) : 4
(0, 11, 1) : 2
(2, 9, 3) : 3
(8, 1) : 8
(10, 8, 5) : 3
(10, 5, 6) : 3
(8, 2, 10) : 6
(2, 4, 7) : 35
(10, 0, 8) : 3
(7, 0, 2) : 62
(9, 5, 0) : 11
(6, 7, 10) : 134
(6, 8, 3) : 29
(1, 6, 3) : 3
(4, 8, 6) : 26
(1, 9, 10) : 15
(4, 5, 9) : 2
(0, 5, 11) : 1
(9, 10, 6) : 26
(0, 10, 2) : 5
(3, 0, 1) : 3
(2, 8, 0) : 2
(5, 2, 7) : 6
(10, 11, 4) : 54
(10, 4, 5) : 3
(3, 5, 9) : 3
(8, 1, 11) : 2
(2, 7, 6) : 20
(6, 10) : 24
(10, 3, 9) : 4
(7, 1, 5) : 229
(9, 6, 1) : 24
(6, 11, 2) : 5
(1, 7, 4) : 9
(1, 10, 11) : 8
(6, 5, 1) : 4
(5, 8, 9) : 4
(2, 11, 1) : 40
(10, 7, 4) : 17
(7, 5, 2) : 100
(8, 11, 5) : 5
(2, 6, 9) : 7
(5, 0, 10) : 1
(4, 3, 2) : 3
(7, 6, 4) : 1715
(9, 7, 6) : 151
(11, 1, 0) : 5
(1, 0, 5) : 7
(9, 4, 8) : 17
(6, 4, 2) : 17
(8, 7, 0) : 9
(6, 4) : 88
(5, 9, 10) : 4
(2, 10, 6) : 7
(5, 4, 1) : 2
(9, 8, 10) : 18
(7, 10, 3) : 229
(8, 10, 6) : 8
(8, 0, 11) : 1
(2, 9, 8) : 6
(5, 1, 9) : 17
(9, 2) : 38
(7, 8) : 485
(4, 2, 1) : 25
(9, 0, 7) : 26
(2, 5, 10) : 5
(10, 1) : 14
(3, 0) : 6
(9, 5, 11) : 8
(6, 7, 3) : 221
(8, 6, 3) : 6
(6, 8, 10) : 28
(2, 0, 4) : 4
(5, 10, 11) : 3
(11, 9, 10) : 25
(9, 11) : 66
(7, 11, 0) : 73
(3, 0, 10) : 5
(8, 9, 7) : 29
(2, 8, 11) : 5
(5, 2, 8) : 1
(4, 1, 0) : 7
(3, 9) : 25
(7, 4, 6) : 713
(7, 8, 0) : 94
(2, 4, 9) : 5
(14, 7, 1) : 1
(1, 2, 7) : 40
(4,) : 620
(9, 6, 10) : 43
(3, 9, 2) : 1
(8, 5, 2) : 2
(2, 3, 5) : 3
(9, 10, 8) : 20
(3, 10, 4) : 2
(7, 8, 1) : 77
(0, 3) : 10
(2, 11, 10) : 63
(4, 11, 6) : 41
(1, 8) : 2
(4, 0, 7) : 3
(7, 5, 9) : 133
(9, 2, 5) : 24
(7, 10) : 384
(6, 2, 1) : 5
(2, 7, 8) : 4
(1, 3, 8) : 3
(4, 3, 11) : 4
(7, 1, 11) : 69
(6, 1, 5) : 10
(8, 4, 5) : 6
(1, 7, 10) : 10
(9, 11, 7) : 67
(3, 11, 7) : 9
(7, 9, 6) : 1213
(8, 7, 9) : 23
(11, 5, 9) : 2
(7, 3) : 155
(4, 10, 5) : 3
(4, 7, 6) : 62
(9, 8, 3) : 18
(7, 10, 8) : 102
(8, 0, 2) : 2
(11, 6, 5) : 3
(2, 6, 7) : 15
(10, 7) : 103
(4, 1, 2) : 9
(4, 2, 8) : 5
(7, 6, 10) : 732
(3, 7, 0) : 2
(8, 3, 4) : 5
(6, 10, 11) : 27
(2, 5, 3) : 4
(4, 5) : 1
(1, 0, 11) : 2
(1, 11, 2) : 15
(7, 3, 4) : 85
(9, 4, 6) : 74
(3, 8, 6) : 13
(0, 8, 10) : 2
(8, 6, 10) : 9
(11, 2, 8) : 22
(11, 9, 1) : 23
(1, 5, 7) : 24
(1, 8, 4) : 3
(4, 6, 5) : 8
(11, 7, 6) : 90
(2, 9, 6) : 14
(11, 10, 5) : 12
(4, 1, 9) : 14
(3, 4, 1) : 1
(6, 3, 7) : 57
(8, 2, 7) : 6
(16, 7) : 1
(2, 4, 0) : 3
(7, 0, 5) : 77
(8, 5, 11) : 2
(10, 9) : 8
(4, 8, 3) : 3
(1, 9, 7) : 37
(9, 10, 1) : 21
(7, 8, 10) : 199
(1, 0) : 8
(4, 11) : 130
(11, 4, 7) : 454
(2, 8, 5) : 6
(7, 4, 8) : 268
(3, 5, 6) : 3
(6, 2, 8) : 3
(8, 1, 6) : 8
(2, 7, 1) : 61
(1, 2, 9) : 33
(7, 1, 2) : 351
(9, 6, 4) : 86
(3, 6, 8) : 10
(11, 0, 10) : 10
(1, 10, 6) : 7
(0, 4, 9) : 3
(6, 5, 4) : 5
(11, 5, 0) : 1
(2, 11, 4) : 260
(11, 8, 7) : 49
(1, 7, 11) : 9
(0, 7, 5) : 11
(3, 2, 7) : 6
(8, 11, 0) : 6
(5, 0, 1) : 5
(10, 9, 2) : 5
(11, 8) : 34
(10, 2, 11) : 25
(7, 6, 3) : 808
(9, 7, 3) : 68
(3, 7, 11) : 5
(6, 1, 11) : 6
(6, 10, 2) : 6
(11, 1, 5) : 8
(5, 7, 10) : 3
(5, 6) : 7
(0, 3, 8) : 2
(3, 11, 9) : 6
(0, 8, 1) : 1
(6, 4, 7) : 114
(6, 9, 4) : 66
(2, 1, 10) : 30
(11, 2, 1) : 80
(2, 10, 3) : 3
(10, 6, 0) : 6
(7, 10, 6) : 242
(11, 1) : 30
(8, 10, 3) : 7
(5, 1, 2) : 17
(10, 8, 1) : 6
(6, 5, 3) : 3
(9, 0, 2) : 7
(3, 4, 10) : 12
(6, 0, 8) : 5
(17, 4) : 1
(16, 7, 9) : 1
(0, 2, 11) : 2
(8, 6, 4) : 24
(6, 8, 7) : 66
(11, 6) : 38
(11, 3, 2) : 7
(0, 5, 7) : 9
(7, 11, 5) : 73
(0, 10, 6) : 4
(3, 0, 5) : 2
(8, 9, 2) : 3
(2, 5) : 5
(5, 8) : 4
(5, 2, 3) : 1
(10, 11, 0) : 13
(10, 4, 9) : 6
(5,) : 118
(7, 4, 1) : 118
(0, 11, 5) : 2
(6, 3, 9) : 21
(8, 2) : 3
(7, 10, 11) : 170
(0, 1, 10) : 5
(3, 9, 7) : 30
(11, 0, 3) : 4
(5, 11, 9) : 1
(7, 8, 4) : 257
(0, 9, 7) : 6
(10, 7, 8) : 12
(8, 9) : 39
(9, 2, 0) : 14
(9, 7, 10) : 48
(6, 1, 0) : 13
(8, 4, 2) : 7
(5, 7, 1) : 6
(6, 11) : 25
(7, 2, 10) : 154
(0, 3, 1) : 3
(7, 9, 3) : 247
(2, 10) : 35
(2, 1, 3) : 4
(5, 9, 6) : 1
(1, 4, 11) : 7
(8, 0, 7) : 4
(11, 6, 8) : 21
(11, 16) : 1
(9, 0, 11) : 7
(3, 7, 5) : 5
(6, 2) : 12
(6, 0, 3) : 25
(10, 1, 5) : 10
(1, 11, 7) : 21
(7, 3, 9) : 93
(5, 10, 7) : 8
(11, 9, 6) : 32
(1, 5, 8) : 4
(1, 8, 3) : 4
(6, 5) : 11
(11, 10, 0) : 12
(9, 1, 8) : 12
(6, 3, 2) : 2
(8, 2, 0) : 2
(9, 1) : 44
(10, 0, 6) : 7
(7, 0, 8) : 53
(0, 1, 3) : 4
(2, 3, 1) : 2
(5, 6, 7) : 8
(1, 6, 9) : 11
(1, 9, 0) : 12
(11, 4, 10) : 377
(4, 11, 2) : 214
(4, 0, 11) : 2
(9, 10) : 20
(10, 3, 7) : 20
(3, 8) : 7
(6,) : 2637
(8, 4, 9) : 26
(7, 2, 3) : 44
(9, 11, 3) : 25
(7, 9, 10) : 411
(6, 5, 11) : 3
(11, 8, 2) : 25
(1, 4, 0) : 8
(4, 10, 1) : 22
(4, 7, 10) : 31
(0, 7, 8) : 4
(9, 8, 7) : 65
(13, 7) : 1
(0, 4) : 7
(11, 6, 1) : 9
(5, 0, 4) : 1
(10, 2, 0) : 3
(8,) : 487
(7, 5) : 171
(6, 10, 7) : 45
(2, 5, 7) : 17
(1, 8, 7) : 6
(7, 3, 0) : 115
(9, 4, 2) : 13
(6, 4, 8) : 88
(6, 9, 3) : 19
(1, 5, 3) : 4
(4, 9, 0) : 1
(10, 6, 5) : 3
(4, 6, 9) : 28
(0, 6, 11) : 3
(11, 7, 2) : 140
(7, 2) : 624
(11, 10, 9) : 24
(5, 1, 7) : 13
(10, 5, 1) : 9
(8, 2, 11) : 2
(10, 4) : 23
(10, 0, 9) : 2
(7, 0, 1) : 106
(9, 5, 1) : 21
(6, 7, 9) : 113
(6, 8, 0) : 8
(1, 6, 2) : 8
(4, 6) : 47
(4, 8, 7) : 61
(1, 9, 11) : 3
(4, 5, 8) : 2
(0, 5, 10) : 6
(9, 10, 5) : 5
(0, 10, 3) : 3
(11, 4, 3) : 37
(2, 8, 1) : 4
(5, 2, 6) : 3
(10, 4, 2) : 17
(3, 5, 10) : 3
(8, 1, 10) : 1
(2, 7, 5) : 16
(0, 8) : 3
(10, 3, 8) : 6
(7, 1, 6) : 185
(9, 6, 0) : 17
(6, 11, 1) : 5
(10, 5, 9) : 1
(1, 7, 5) : 16
(9, 11, 10) : 29
(0, 9, 2) : 3
(6, 5, 0) : 8
(11, 5, 4) : 5
(2, 11, 0) : 4
(5, 3, 1) : 1
(10, 7, 3) : 7
(0, 7, 1) : 8
(7, 5, 3) : 46
(3, 2, 11) : 4
(8, 11, 4) : 62
(1, 7) : 69
(2, 6, 10) : 11
(1, 3, 2) : 5
(5, 7, 6) : 10
(1, 0, 4) : 3
(9, 4, 11) : 14
(6, 4, 3) : 49
(8, 7, 3) : 20
(6, 9, 8) : 41
(2, 1, 6) : 17
(11, 2, 5) : 23
(5, 9, 11) : 3
(2, 10, 7) : 55
(0, 6, 2) : 1
(7, 10, 2) : 128
(9, 3, 4) : 18
(8, 10, 7) : 15
(2, 9, 11) : 3
(4, 2, 6) : 12
(9, 0, 6) : 15
(9, 5, 8) : 9
(6, 7, 2) : 33
(8, 6, 0) : 2
(6, 8, 11) : 37
(2, 0, 5) : 6
(11, 3, 6) : 8
(1, 5, 13) : 1
(0, 5, 3) : 3
(7, 11, 1) : 184
(3, 0, 9) : 3
(8, 9, 6) : 17
(7,) : 68542
(4, 1, 7) : 27
(7, 4, 5) : 63
(9, 1, 5) : 41
(11, 0) : 11
(1, 2, 6) : 11
(2, 11) : 62
(8, 5, 1) : 2
(6, 11, 10) : 13
(2, 3, 4) : 6
(11, 0, 7) : 13
(5, 6, 2) : 2
(3, 10, 7) : 10
(9,) : 3917
(0, 9, 11) : 1
(5, 8, 1) : 2
(2, 11, 9) : 17
(5, 3, 8) : 1
(4, 11, 9) : 11
(7, 5, 10) : 87
(9, 2, 4) : 12
(12, 9, 10) : 2
(1, 3, 9) : 5
(4, 3, 10) : 13
(9, 3, 8) : 28
(3, 6, 2) : 3
(6, 1, 4) : 14
(8, 4, 6) : 19
(11, 1, 8) : 6
(8, 3) : 4
(7, 2, 6) : 142
(0, 3, 5) : 5
(3, 11, 4) : 8
(11, 5, 10) : 8
(5, 9, 2) : 8
(5, 4, 9) : 1
(1, 4, 7) : 7
(4, 7, 1) : 11
(9, 8, 2) : 6
(9, 3, 15) : 1
(8, 11, 10) : 33
(8, 0, 3) : 6
(11, 6, 4) : 48
(4, 2, 9) : 9
(8, 10) : 10
(3, 7, 1) : 4
(6, 0, 7) : 27
(8, 3, 7) : 4
(1, 0, 10) : 13
(1, 11, 3) : 2
(7, 3, 5) : 47
(0, 2, 6) : 2
(3, 8, 5) : 4
(0, 8, 11) : 1
(8, 6, 11) : 19
(5, 10, 3) : 2
(11, 9, 2) : 22
(1, 5, 4) : 8
(4, 9, 11) : 15
(6, 8) : 56
(4, 6, 2) : 14
(7, 11, 8) : 270
(6, 4, 5) : 8
(8, 10, 9) : 4
(11, 10, 4) : 127
(4, 1, 8) : 3
(7, 11, 4) : 1001
(3, 4, 0) : 1
(8, 2, 4) : 3
(2, 4, 1) : 15
(10, 0, 2) : 2
(7, 0, 4) : 56
(0, 1, 7) : 7
(3, 9, 10) : 9
(6, 3) : 35
(8, 5, 10) : 1
(11, 3, 8) : 6
(5, 11, 4) : 3
(1, 6, 5) : 4
(1, 9, 4) : 8
(9, 10, 0) : 32
(7, 8, 9) : 331
(11, 4, 6) : 127
(3, 5, 7) : 7
(6, 2, 9) : 2
(8, 1, 5) : 5
(2, 7, 0) : 7
